Steps    Q        Rg       Backbone Rama     Contact  Fragment Membrane ER       TBM_Q    Beta     Pap      Helical  Debye_huckel Total   
0        1.00     10.06    80.42    -357.54  -74.08   -363.62  0.00     0.00     0.00     -23.45   0.00     0.00     0.74     -737.53 
1        0.96     10.09    4.42     -441.56  -87.60   -363.93  0.00     0.00     0.00     -24.63   -0.00    0.00     0.98     -912.33 
2        0.60     10.27    137.01   -451.99  -93.71   -353.28  0.00     0.00     0.00     -20.13   -0.00    0.00     1.00     -781.10 
3        0.63     10.08    131.75   -448.43  -91.80   -354.76  0.00     0.00     0.00     -19.84   -0.00    0.00     1.25     -781.83 
4        0.70     10.41    127.92   -449.96  -92.87   -350.03  0.00     0.00     0.00     -21.89   0.00     0.00     1.78     -785.06 
5        0.67     10.48    124.19   -457.15  -86.99   -354.67  0.00     0.00     0.00     -22.03   -0.00    0.00     1.77     -794.88 
6        0.63     10.39    117.11   -459.60  -95.32   -352.88  0.00     0.00     0.00     -20.91   -0.00    0.00     1.56     -810.05 
7        0.69     10.55    121.20   -454.85  -93.00   -348.16  0.00     0.00     0.00     -19.64   -0.00    0.00     1.16     -793.29 
8        0.67     10.31    132.24   -455.54  -94.39   -351.80  0.00     0.00     0.00     -20.57   0.00     0.00     1.29     -788.75 
9        0.67     10.31    130.70   -455.52  -95.18   -351.06  0.00     0.00     0.00     -20.90   0.00     0.00     1.01     -790.95 
10       0.57     10.27    129.53   -451.09  -94.62   -348.52  0.00     0.00     0.00     -19.46   -0.00    0.00     0.85     -783.32 
11       0.62     10.56    128.41   -463.96  -87.06   -353.32  0.00     0.00     0.00     -21.73   -0.00    0.00     1.10     -796.57 
12       0.65     10.14    145.53   -455.74  -95.90   -350.64  0.00     0.00     0.00     -20.38   -0.00    0.00     1.09     -776.03 
13       0.64     10.59    130.85   -454.61  -86.50   -353.01  0.00     0.00     0.00     -19.40   0.00     0.00     1.20     -781.47 
14       0.65     10.47    126.17   -458.27  -92.09   -351.48  0.00     0.00     0.00     -19.65   -0.00    0.00     1.43     -793.88 
15       0.62     10.05    132.64   -458.82  -91.55   -353.45  0.00     0.00     0.00     -21.21   -0.00    0.00     0.73     -791.64 
16       0.69     10.31    125.84   -459.09  -87.88   -351.72  0.00     0.00     0.00     -21.35   -0.00    0.00     1.25     -792.95 
17       0.70     10.25    121.98   -460.67  -92.47   -351.55  0.00     0.00     0.00     -20.20   -0.00    0.00     1.08     -801.83 
18       0.71     10.14    139.61   -462.88  -98.46   -352.40  0.00     0.00     0.00     -19.28   -0.00    0.00     0.83     -792.59 
19       0.61     10.26    117.77   -450.68  -100.70  -351.75  0.00     0.00     0.00     -18.31   -0.00    0.00     0.96     -802.71 
20       0.60     10.46    141.76   -452.63  -94.08   -352.07  0.00     0.00     0.00     -21.48   -0.00    0.00     1.52     -776.98 
21       0.62     10.51    149.01   -464.48  -95.76   -347.41  0.00     0.00     0.00     -18.59   -0.00    0.00     0.82     -776.42 
22       0.67     10.03    129.17   -454.24  -99.07   -351.67  0.00     0.00     0.00     -19.87   -0.00    0.00     0.79     -794.89 
23       0.67     10.00    146.72   -460.50  -91.77   -348.49  0.00     0.00     0.00     -20.49   -0.00    0.00     0.89     -773.65 
24       0.62     10.26    139.83   -447.86  -93.95   -348.84  0.00     0.00     0.00     -19.74   -0.00    0.00     0.94     -769.62 
25       0.65     10.54    127.66   -456.78  -91.03   -353.26  0.00     0.00     0.00     -18.46   -0.00    0.00     1.04     -790.84 
26       0.62     10.47    128.41   -456.11  -95.41   -352.02  0.00     0.00     0.00     -19.96   0.00     0.00     0.98     -794.11 
27       0.60     10.46    128.61   -458.34  -96.25   -348.47  0.00     0.00     0.00     -18.77   -0.00    0.00     0.98     -792.24 
28       0.60     10.57    124.57   -453.83  -89.33   -351.48  0.00     0.00     0.00     -17.91   -0.00    0.00     1.03     -786.95 
29       0.66     10.34    118.38   -450.01  -94.04   -352.47  0.00     0.00     0.00     -19.91   -0.00    0.00     1.52     -796.53 
30       0.56     10.94    125.45   -450.66  -85.71   -352.84  0.00     0.00     0.00     -20.05   -0.00    0.00     1.25     -782.56 
31       0.62     10.37    127.30   -452.63  -88.46   -351.57  0.00     0.00     0.00     -20.21   0.00     0.00     1.25     -784.33 
32       0.66     10.24    121.42   -455.17  -94.93   -348.49  0.00     0.00     0.00     -20.12   0.00     0.00     0.90     -796.39 
33       0.57     9.83     123.92   -457.55  -100.56  -348.36  0.00     0.00     0.00     -16.87   -0.00    0.00     0.61     -798.80 
34       0.66     10.57    129.27   -452.78  -95.58   -351.85  0.00     0.00     0.00     -18.34   0.00     0.00     0.91     -788.37 
35       0.66     10.39    133.28   -448.83  -91.54   -353.89  0.00     0.00     0.00     -19.70   -0.00    0.00     0.77     -779.91 
36       0.57     10.73    128.22   -448.97  -90.57   -351.49  0.00     0.00     0.00     -19.74   0.00     0.00     1.30     -781.24 
37       0.59     10.87    124.12   -461.08  -86.39   -350.11  0.00     0.00     0.00     -20.74   -0.00    0.00     1.49     -792.70 
38       0.69     10.13    141.12   -454.66  -93.51   -349.38  0.00     0.00     0.00     -20.78   -0.00    0.00     1.07     -776.15 
39       0.61     10.69    132.54   -451.40  -92.50   -349.54  0.00     0.00     0.00     -19.80   -0.00    0.00     1.28     -779.41 
40       0.66     10.32    117.97   -454.96  -93.35   -355.47  0.00     0.00     0.00     -18.99   -0.00    0.00     1.27     -803.52 
41       0.63     10.05    140.67   -451.05  -86.97   -351.93  0.00     0.00     0.00     -21.20   0.00     0.00     1.11     -769.38 
42       0.70     10.27    127.78   -460.61  -84.92   -353.56  0.00     0.00     0.00     -19.58   -0.00    0.00     1.00     -789.88 
43       0.66     10.22    122.55   -452.25  -95.73   -354.24  0.00     0.00     0.00     -21.37   -0.00    0.00     0.99     -800.06 
44       0.68     10.15    127.95   -457.20  -91.66   -354.64  0.00     0.00     0.00     -19.56   0.00     0.00     1.07     -794.04 
45       0.72     10.35    140.91   -455.28  -92.85   -354.43  0.00     0.00     0.00     -20.76   -0.00    0.00     0.90     -781.52 
46       0.62     10.40    131.21   -455.07  -92.96   -352.08  0.00     0.00     0.00     -17.51   -0.00    0.00     1.32     -785.09 
47       0.57     10.87    140.22   -456.32  -85.43   -354.59  0.00     0.00     0.00     -22.17   -0.00    0.00     1.18     -777.10 
48       0.57     10.47    134.91   -453.83  -92.40   -353.19  0.00     0.00     0.00     -21.40   -0.00    0.00     1.22     -784.68 
49       0.59     10.37    138.63   -452.23  -98.05   -349.72  0.00     0.00     0.00     -19.63   -0.00    0.00     1.11     -779.89 
50       0.58     10.63    127.52   -456.15  -90.13   -355.13  0.00     0.00     0.00     -21.56   -0.00    0.00     1.03     -794.40 
51       0.69     10.13    141.47   -453.81  -92.07   -353.02  0.00     0.00     0.00     -20.07   -0.00    0.00     1.17     -776.33 
52       0.69     10.21    124.94   -458.14  -88.50   -352.52  0.00     0.00     0.00     -20.98   0.00     0.00     1.00     -794.19 
53       0.65     10.43    132.36   -463.02  -91.72   -354.49  0.00     0.00     0.00     -23.80   -0.00    0.00     1.00     -799.67 
54       0.57     10.70    125.37   -452.32  -90.71   -352.64  0.00     0.00     0.00     -20.27   -0.00    0.00     1.38     -789.19 
55       0.70     10.19    121.38   -456.08  -95.23   -349.75  0.00     0.00     0.00     -20.41   -0.00    0.00     1.12     -798.99 
56       0.57     10.67    134.75   -454.58  -88.92   -355.37  0.00     0.00     0.00     -19.84   -0.00    0.00     1.13     -782.83 
57       0.65     10.80    128.20   -457.71  -89.21   -352.05  0.00     0.00     0.00     -19.99   0.00     0.00     1.69     -789.06 
58       0.67     10.24    126.36   -448.85  -98.83   -349.84  0.00     0.00     0.00     -19.30   0.00     0.00     1.16     -789.30 
59       0.65     10.40    126.38   -451.10  -91.98   -350.09  0.00     0.00     0.00     -19.60   -0.00    0.00     1.55     -784.84 
60       0.73     10.01    130.26   -453.23  -91.49   -349.51  0.00     0.00     0.00     -20.27   -0.00    0.00     1.22     -783.02 
61       0.62     10.56    138.30   -453.71  -89.87   -352.89  0.00     0.00     0.00     -19.89   0.00     0.00     1.00     -777.07 
62       0.67     10.37    127.35   -454.69  -94.81   -355.45  0.00     0.00     0.00     -20.34   -0.00    0.00     1.26     -796.68 
63       0.72     10.18    130.21   -457.19  -97.26   -350.95  0.00     0.00     0.00     -19.15   -0.00    0.00     1.43     -792.91 
64       0.69     9.96     124.13   -452.86  -94.50   -351.75  0.00     0.00     0.00     -18.72   -0.00    0.00     1.45     -792.25 
65       0.62     10.68    121.92   -456.66  -87.63   -348.10  0.00     0.00     0.00     -18.08   -0.00    0.00     1.46     -787.09 
66       0.65     9.99     113.46   -453.44  -96.40   -350.38  0.00     0.00     0.00     -20.91   0.00     0.00     0.84     -806.83 
67       0.64     10.38    132.63   -456.69  -92.56   -351.44  0.00     0.00     0.00     -20.65   0.00     0.00     1.65     -787.07 
68       0.61     10.75    119.98   -460.80  -89.02   -351.07  0.00     0.00     0.00     -19.12   0.00     0.00     1.89     -798.14 
69       0.66     10.38    122.68   -461.90  -90.18   -351.04  0.00     0.00     0.00     -19.69   -0.00    0.00     1.62     -798.52 
70       0.66     10.51    130.78   -449.90  -86.89   -352.84  0.00     0.00     0.00     -21.60   -0.00    0.00     1.49     -778.95 
71       0.59     10.87    126.64   -456.82  -82.98   -352.40  0.00     0.00     0.00     -19.57   0.00     0.00     1.83     -783.29 
72       0.70     10.33    134.48   -454.98  -93.50   -354.83  0.00     0.00     0.00     -21.25   -0.00    0.00     1.06     -789.02 
73       0.66     10.42    119.80   -455.06  -91.06   -351.62  0.00     0.00     0.00     -19.35   -0.00    0.00     1.35     -795.94 
74       0.64     10.36    139.20   -458.40  -94.78   -351.42  0.00     0.00     0.00     -19.72   -0.00    0.00     1.01     -784.10 
75       0.65     9.94     131.97   -454.46  -98.64   -349.01  0.00     0.00     0.00     -19.95   -0.00    0.00     1.42     -788.67 
76       0.66     10.05    129.17   -460.95  -96.36   -348.47  0.00     0.00     0.00     -18.76   0.00     0.00     1.14     -794.24 
77       0.65     10.55    138.18   -453.45  -89.94   -352.02  0.00     0.00     0.00     -20.69   -0.00    0.00     1.60     -776.32 
78       0.53     10.23    134.09   -447.18  -91.84   -345.67  0.00     0.00     0.00     -20.07   -0.00    0.00     1.54     -769.12 
79       0.71     10.25    133.97   -458.86  -97.30   -349.94  0.00     0.00     0.00     -17.62   0.00     0.00     1.47     -788.27 
80       0.61     10.91    140.42   -459.99  -87.50   -349.46  0.00     0.00     0.00     -18.73   -0.00    0.00     1.83     -773.42 
81       0.65     10.47    137.75   -458.22  -87.25   -351.39  0.00     0.00     0.00     -20.48   -0.00    0.00     1.68     -777.91 
82       0.66     10.35    124.37   -459.17  -93.36   -350.21  0.00     0.00     0.00     -20.06   0.00     0.00     1.40     -797.04 
83       0.67     10.41    128.16   -452.58  -86.03   -350.34  0.00     0.00     0.00     -20.71   0.00     0.00     1.30     -780.19 
84       0.65     10.29    114.06   -459.53  -95.45   -352.40  0.00     0.00     0.00     -20.71   0.00     0.00     0.77     -813.27 
85       0.66     10.67    121.98   -455.84  -88.31   -354.89  0.00     0.00     0.00     -21.03   0.00     0.00     1.46     -796.63 
86       0.57     10.58    125.43   -456.08  -87.65   -351.98  0.00     0.00     0.00     -19.09   0.00     0.00     1.77     -787.60 
87       0.56     9.97     120.45   -447.69  -99.70   -349.67  0.00     0.00     0.00     -21.62   -0.00    0.00     1.73     -796.50 
88       0.63     10.16    130.48   -455.83  -102.93  -352.23  0.00     0.00     0.00     -20.38   0.00     0.00     1.86     -799.03 
89       0.65     10.16    121.23   -457.11  -99.24   -348.11  0.00     0.00     0.00     -20.40   0.00     0.00     1.50     -802.12 
90       0.74     10.33    123.19   -458.37  -91.40   -350.79  0.00     0.00     0.00     -19.75   0.00     0.00     0.98     -796.14 
91       0.72     10.02    120.09   -454.39  -93.26   -354.82  0.00     0.00     0.00     -21.16   -0.00    0.00     1.08     -802.45 
92       0.63     10.23    130.80   -447.13  -89.88   -349.79  0.00     0.00     0.00     -21.51   -0.00    0.00     1.15     -776.36 
93       0.62     10.77    130.18   -460.31  -90.83   -353.09  0.00     0.00     0.00     -18.09   0.00     0.00     1.45     -790.70 
94       0.66     10.37    136.51   -463.17  -91.10   -349.42  0.00     0.00     0.00     -19.13   0.00     0.00     1.09     -785.22 
95       0.68     10.09    128.29   -451.12  -97.73   -350.63  0.00     0.00     0.00     -20.48   -0.00    0.00     0.94     -790.74 
96       0.67     10.64    126.52   -458.13  -87.64   -350.28  0.00     0.00     0.00     -20.26   0.00     0.00     1.29     -788.50 
97       0.65     10.39    121.11   -462.77  -94.94   -348.51  0.00     0.00     0.00     -19.44   0.00     0.00     1.26     -803.28 
98       0.67     10.49    116.23   -456.77  -87.36   -348.45  0.00     0.00     0.00     -20.62   -0.00    0.00     1.61     -795.36 
99       0.67     10.37    131.90   -457.99  -92.85   -349.77  0.00     0.00     0.00     -20.07   0.00     0.00     1.60     -787.18 
100      0.65     10.65    154.98   -456.72  -90.67   -350.66  0.00     0.00     0.00     -20.74   0.00     0.00     1.56     -762.24 
101      0.69     10.44    116.11   -452.79  -90.90   -353.42  0.00     0.00     0.00     -20.35   0.00     0.00     1.04     -800.31 
102      0.66     10.46    143.47   -458.00  -94.59   -353.33  0.00     0.00     0.00     -22.40   0.00     0.00     1.06     -783.79 
103      0.64     10.21    114.09   -458.37  -90.26   -350.03  0.00     0.00     0.00     -20.37   0.00     0.00     1.18     -803.77 
104      0.63     10.55    140.21   -459.40  -91.80   -351.53  0.00     0.00     0.00     -19.39   0.00     0.00     0.80     -781.11 
105      0.54     10.79    120.28   -451.32  -86.46   -353.04  0.00     0.00     0.00     -21.12   0.00     0.00     1.73     -789.93 
106      0.57     10.67    135.20   -456.90  -89.07   -350.80  0.00     0.00     0.00     -20.02   0.00     0.00     0.78     -780.80 
107      0.62     9.96     135.05   -451.04  -95.99   -351.98  0.00     0.00     0.00     -21.11   -0.00    0.00     1.11     -783.96 
108      0.43     11.56    126.03   -450.16  -84.09   -350.40  0.00     0.00     0.00     -21.55   -0.00    0.00     1.38     -778.79 
109      0.65     10.31    120.66   -449.95  -91.92   -352.21  0.00     0.00     0.00     -19.44   -0.00    0.00     1.46     -791.39 
110      0.65     10.12    132.23   -454.06  -92.52   -351.42  0.00     0.00     0.00     -18.40   0.00     0.00     1.00     -783.16 
111      0.63     10.34    138.51   -460.13  -90.14   -353.30  0.00     0.00     0.00     -21.20   -0.00    0.00     1.10     -785.16 
112      0.73     10.49    119.98   -446.55  -91.73   -354.68  0.00     0.00     0.00     -18.99   -0.00    0.00     1.18     -790.79 
113      0.64     10.24    124.37   -453.00  -95.78   -355.18  0.00     0.00     0.00     -20.34   -0.00    0.00     0.70     -799.24 
114      0.68     10.44    132.13   -458.36  -90.19   -352.91  0.00     0.00     0.00     -21.10   0.00     0.00     0.85     -789.58 
115      0.69     10.27    125.39   -454.90  -95.82   -351.33  0.00     0.00     0.00     -19.33   -0.00    0.00     1.07     -794.93 
116      0.63     10.43    127.26   -449.84  -94.95   -350.00  0.00     0.00     0.00     -18.12   -0.00    0.00     1.01     -784.64 
117      0.69     10.28    125.73   -453.55  -91.63   -351.14  0.00     0.00     0.00     -20.76   -0.00    0.00     0.75     -790.60 
118      0.64     10.21    131.09   -451.91  -93.39   -350.76  0.00     0.00     0.00     -20.08   0.00     0.00     0.98     -784.08 
119      0.71     10.13    136.76   -459.31  -94.44   -351.13  0.00     0.00     0.00     -20.48   0.00     0.00     0.96     -787.64 
120      0.67     10.37    120.07   -448.55  -92.05   -354.10  0.00     0.00     0.00     -20.57   0.00     0.00     0.88     -794.31 
121      0.60     10.40    142.27   -455.82  -94.90   -351.04  0.00     0.00     0.00     -19.69   0.00     0.00     0.89     -778.29 
122      0.62     10.56    128.93   -454.34  -95.68   -354.14  0.00     0.00     0.00     -19.52   -0.00    0.00     1.03     -793.73 
123      0.62     10.26    127.12   -462.29  -93.81   -351.30  0.00     0.00     0.00     -20.87   -0.00    0.00     0.96     -800.19 
124      0.61     10.36    127.23   -456.75  -91.76   -351.54  0.00     0.00     0.00     -21.76   -0.00    0.00     1.16     -793.42 
125      0.60     10.17    118.83   -450.93  -94.44   -351.40  0.00     0.00     0.00     -19.54   -0.00    0.00     0.77     -796.70 
126      0.63     10.25    130.37   -457.81  -94.42   -352.76  0.00     0.00     0.00     -17.78   -0.00    0.00     1.12     -791.28 
127      0.66     10.45    128.88   -460.31  -94.56   -348.65  0.00     0.00     0.00     -18.13   -0.00    0.00     1.47     -791.29 
128      0.61     10.58    116.37   -459.47  -94.23   -347.58  0.00     0.00     0.00     -19.58   -0.00    0.00     1.32     -803.16 
129      0.69     10.12    133.83   -459.77  -90.79   -354.86  0.00     0.00     0.00     -21.71   -0.00    0.00     1.20     -792.10 
130      0.66     10.28    127.44   -456.03  -91.62   -347.88  0.00     0.00     0.00     -17.69   -0.00    0.00     1.21     -784.57 
131      0.66     10.26    119.44   -457.18  -92.85   -352.46  0.00     0.00     0.00     -19.55   -0.00    0.00     1.23     -801.37 
132      0.60     10.24    126.28   -454.86  -97.79   -348.88  0.00     0.00     0.00     -20.35   -0.00    0.00     1.03     -794.56 
133      0.68     10.24    122.71   -448.25  -91.30   -348.51  0.00     0.00     0.00     -19.63   -0.00    0.00     1.29     -783.70 
134      0.65     10.38    128.79   -463.35  -96.37   -342.96  0.00     0.00     0.00     -19.37   -0.00    0.00     0.86     -792.41 
135      0.66     10.36    123.14   -456.07  -92.13   -355.05  0.00     0.00     0.00     -21.86   -0.00    0.00     1.14     -800.83 
136      0.64     10.18    135.56   -458.32  -96.47   -349.04  0.00     0.00     0.00     -20.07   -0.00    0.00     0.80     -787.54 
137      0.62     10.20    133.55   -460.04  -91.00   -345.22  0.00     0.00     0.00     -20.76   -0.00    0.00     0.97     -782.50 
138      0.64     10.35    131.54   -454.41  -85.98   -349.20  0.00     0.00     0.00     -21.62   -0.00    0.00     1.12     -778.54 
139      0.67     10.26    116.99   -452.96  -88.51   -355.70  0.00     0.00     0.00     -21.85   -0.00    0.00     1.17     -800.87 
140      0.65     10.34    123.70   -450.60  -94.42   -353.71  0.00     0.00     0.00     -20.38   -0.00    0.00     1.06     -794.36 
141      0.59     10.30    125.63   -461.47  -86.00   -351.07  0.00     0.00     0.00     -19.57   -0.00    0.00     1.21     -791.26 
142      0.62     10.13    129.85   -461.66  -92.80   -351.12  0.00     0.00     0.00     -20.41   -0.00    0.00     1.07     -795.07 
143      0.61     10.47    133.49   -462.30  -95.50   -350.56  0.00     0.00     0.00     -18.41   -0.00    0.00     0.93     -792.34 
144      0.71     10.47    133.85   -450.64  -96.41   -353.28  0.00     0.00     0.00     -20.53   0.00     0.00     1.28     -785.74 
145      0.63     10.09    135.08   -458.53  -97.77   -350.53  0.00     0.00     0.00     -19.17   -0.00    0.00     1.28     -789.64 
146      0.64     10.17    134.07   -454.26  -92.04   -351.82  0.00     0.00     0.00     -19.03   -0.00    0.00     0.87     -782.21 
147      0.58     10.46    133.48   -454.17  -90.57   -346.69  0.00     0.00     0.00     -18.54   -0.00    0.00     0.87     -775.62 
148      0.63     10.33    147.32   -455.06  -90.93   -348.89  0.00     0.00     0.00     -19.67   -0.00    0.00     1.11     -766.11 
149      0.66     10.35    131.14   -459.22  -89.32   -352.09  0.00     0.00     0.00     -22.01   -0.00    0.00     1.21     -790.29 
150      0.58     10.26    120.19   -453.80  -92.94   -353.67  0.00     0.00     0.00     -19.03   -0.00    0.00     0.67     -798.57 
151      0.74     10.16    146.43   -461.70  -87.98   -354.10  0.00     0.00     0.00     -20.43   -0.00    0.00     1.23     -776.55 
152      0.66     10.49    126.89   -447.11  -90.72   -354.58  0.00     0.00     0.00     -20.90   -0.00    0.00     0.63     -785.77 
153      0.60     10.22    124.65   -450.56  -96.89   -348.42  0.00     0.00     0.00     -19.62   -0.00    0.00     0.63     -790.22 
154      0.68     10.26    146.01   -456.49  -98.24   -349.10  0.00     0.00     0.00     -19.62   -0.00    0.00     1.08     -776.37 
155      0.61     10.21    132.32   -455.90  -94.08   -350.18  0.00     0.00     0.00     -20.93   -0.00    0.00     1.28     -787.48 
156      0.63     10.47    137.24   -453.74  -89.79   -350.05  0.00     0.00     0.00     -20.24   -0.00    0.00     1.11     -775.46 
157      0.54     10.75    139.12   -459.57  -88.38   -349.21  0.00     0.00     0.00     -19.58   -0.00    0.00     1.34     -776.29 
158      0.48     10.82    128.71   -455.53  -88.67   -350.22  0.00     0.00     0.00     -19.30   -0.00    0.00     1.25     -783.77 
159      0.70     10.33    121.54   -455.55  -94.29   -355.96  0.00     0.00     0.00     -19.89   -0.00    0.00     1.22     -802.93 
160      0.69     10.36    120.25   -452.78  -90.66   -351.38  0.00     0.00     0.00     -21.67   -0.00    0.00     1.22     -795.02 
161      0.67     10.16    131.77   -457.33  -92.53   -349.96  0.00     0.00     0.00     -18.55   -0.00    0.00     0.73     -785.87 
162      0.65     10.23    134.87   -455.07  -92.50   -353.90  0.00     0.00     0.00     -19.34   -0.00    0.00     0.92     -785.02 
163      0.70     10.42    113.96   -454.19  -94.09   -354.79  0.00     0.00     0.00     -20.72   0.00     0.00     0.94     -808.89 
164      0.60     10.58    120.66   -460.18  -86.78   -354.34  0.00     0.00     0.00     -21.03   -0.00    0.00     0.92     -800.74 
165      0.68     10.10    143.77   -458.00  -91.42   -355.50  0.00     0.00     0.00     -20.93   0.00     0.00     0.65     -781.43 
166      0.64     10.11    120.72   -456.96  -93.52   -350.55  0.00     0.00     0.00     -19.67   0.00     0.00     1.06     -798.92 
167      0.59     10.00    139.39   -454.97  -92.59   -349.56  0.00     0.00     0.00     -20.81   -0.00    0.00     1.05     -777.49 
168      0.65     10.33    121.18   -459.35  -89.22   -350.15  0.00     0.00     0.00     -19.68   -0.00    0.00     1.23     -795.97 
169      0.56     10.40    138.81   -459.74  -93.12   -344.83  0.00     0.00     0.00     -20.87   -0.00    0.00     0.87     -778.87 
170      0.68     10.22    153.58   -455.62  -97.57   -351.42  0.00     0.00     0.00     -21.23   0.00     0.00     0.78     -771.49 
171      0.69     10.36    128.28   -457.13  -92.91   -353.61  0.00     0.00     0.00     -18.45   -0.00    0.00     1.03     -792.80 
172      0.61     10.30    132.60   -459.97  -93.22   -345.39  0.00     0.00     0.00     -20.19   -0.00    0.00     1.00     -785.18 
173      0.59     10.70    126.09   -463.08  -87.39   -350.81  0.00     0.00     0.00     -18.70   0.00     0.00     1.42     -792.47 
174      0.66     10.26    131.97   -453.90  -88.67   -351.14  0.00     0.00     0.00     -22.88   -0.00    0.00     1.19     -783.43 
175      0.67     10.39    122.50   -456.46  -88.03   -352.20  0.00     0.00     0.00     -19.10   -0.00    0.00     1.34     -791.94 
176      0.65     10.50    130.02   -453.47  -91.94   -352.64  0.00     0.00     0.00     -20.67   -0.00    0.00     0.83     -787.88 
177      0.61     10.34    124.06   -457.05  -94.19   -354.10  0.00     0.00     0.00     -18.39   0.00     0.00     1.42     -798.24 
178      0.61     10.07    110.55   -454.95  -89.15   -347.17  0.00     0.00     0.00     -20.66   -0.00    0.00     0.79     -800.59 
179      0.65     10.21    133.71   -464.32  -95.96   -349.81  0.00     0.00     0.00     -20.23   -0.00    0.00     0.65     -795.97 
180      0.57     10.35    140.40   -463.57  -94.45   -351.37  0.00     0.00     0.00     -19.95   -0.00    0.00     0.83     -788.12 
181      0.63     10.28    142.38   -455.04  -101.31  -350.27  0.00     0.00     0.00     -21.17   -0.00    0.00     0.65     -784.76 
182      0.59     10.39    120.23   -464.32  -90.29   -355.55  0.00     0.00     0.00     -20.11   0.00     0.00     1.11     -808.93 
183      0.64     10.02    123.52   -451.93  -90.74   -349.35  0.00     0.00     0.00     -18.56   -0.00    0.00     1.00     -786.05 
184      0.65     10.14    142.59   -457.24  -90.45   -352.79  0.00     0.00     0.00     -20.49   0.00     0.00     0.74     -777.65 
185      0.66     10.30    123.02   -455.73  -88.37   -356.16  0.00     0.00     0.00     -22.67   -0.00    0.00     0.93     -798.98 
186      0.64     10.32    119.14   -458.33  -89.15   -350.66  0.00     0.00     0.00     -20.81   0.00     0.00     1.27     -798.54 
187      0.63     10.60    131.70   -464.00  -88.28   -351.21  0.00     0.00     0.00     -21.05   -0.00    0.00     1.42     -791.43 
188      0.60     10.52    124.94   -457.15  -89.01   -352.93  0.00     0.00     0.00     -19.92   0.00     0.00     1.44     -792.63 
189      0.67     10.39    126.29   -453.04  -91.89   -352.01  0.00     0.00     0.00     -19.71   -0.00    0.00     1.17     -789.19 
190      0.60     10.30    123.00   -456.39  -85.19   -353.99  0.00     0.00     0.00     -20.07   -0.00    0.00     1.04     -791.59 
191      0.60     10.07    117.82   -449.86  -95.60   -346.63  0.00     0.00     0.00     -17.58   -0.00    0.00     0.57     -791.28 
192      0.62     10.18    121.32   -458.99  -97.17   -347.23  0.00     0.00     0.00     -19.15   -0.00    0.00     0.90     -800.32 
193      0.61     10.36    125.68   -461.21  -92.18   -355.43  0.00     0.00     0.00     -20.97   -0.00    0.00     1.05     -803.07 
194      0.68     10.22    122.25   -457.75  -90.02   -355.94  0.00     0.00     0.00     -22.36   -0.00    0.00     1.07     -802.75 
195      0.70     10.46    144.51   -451.15  -91.93   -351.34  0.00     0.00     0.00     -21.19   0.00     0.00     0.98     -770.12 
196      0.74     10.05    134.86   -457.28  -95.91   -352.20  0.00     0.00     0.00     -20.73   0.00     0.00     0.84     -790.43 
197      0.63     10.19    121.47   -460.19  -98.07   -349.67  0.00     0.00     0.00     -19.54   -0.00    0.00     0.78     -805.22 
198      0.67     10.45    126.89   -460.71  -87.02   -353.20  0.00     0.00     0.00     -21.17   -0.00    0.00     0.98     -794.23 
199      0.70     10.32    132.94   -453.79  -91.54   -350.93  0.00     0.00     0.00     -20.18   0.00     0.00     0.60     -782.90 
200      0.67     10.28    134.63   -465.20  -95.78   -350.87  0.00     0.00     0.00     -18.59   -0.00    0.00     0.96     -794.85 
201      0.62     10.62    121.90   -452.58  -87.81   -354.44  0.00     0.00     0.00     -20.25   -0.00    0.00     1.08     -792.10 
202      0.61     10.26    119.67   -460.88  -97.54   -350.71  0.00     0.00     0.00     -20.32   -0.00    0.00     1.26     -808.51 
203      0.61     10.25    128.88   -453.83  -91.54   -350.24  0.00     0.00     0.00     -20.36   -0.00    0.00     1.26     -785.83 
204      0.65     10.22    123.69   -458.72  -92.47   -352.31  0.00     0.00     0.00     -20.96   -0.00    0.00     1.14     -799.64 
205      0.63     10.36    133.57   -461.99  -95.01   -352.77  0.00     0.00     0.00     -19.75   -0.00    0.00     1.63     -794.31 
206      0.67     10.14    126.33   -461.91  -96.54   -353.30  0.00     0.00     0.00     -20.76   -0.00    0.00     0.80     -805.37 
207      0.56     10.46    115.40   -449.21  -92.41   -346.92  0.00     0.00     0.00     -20.71   -0.00    0.00     0.77     -793.08 
208      0.63     10.49    127.45   -456.88  -89.99   -352.19  0.00     0.00     0.00     -19.00   -0.00    0.00     1.48     -789.13 
209      0.68     9.82     121.21   -459.10  -95.37   -352.21  0.00     0.00     0.00     -20.73   -0.00    0.00     0.94     -805.27 
210      0.62     10.31    138.13   -457.05  -84.79   -353.99  0.00     0.00     0.00     -20.98   -0.00    0.00     1.47     -777.21 
211      0.56     10.59    136.41   -455.88  -85.49   -349.50  0.00     0.00     0.00     -19.12   -0.00    0.00     1.70     -771.88 
212      0.63     10.47    121.32   -453.27  -90.09   -351.75  0.00     0.00     0.00     -20.02   0.00     0.00     1.23     -792.58 
213      0.59     10.67    130.01   -453.17  -89.00   -351.64  0.00     0.00     0.00     -20.18   -0.00    0.00     1.22     -782.76 
214      0.57     10.39    128.74   -454.06  -93.90   -348.63  0.00     0.00     0.00     -18.82   -0.00    0.00     0.81     -785.86 
215      0.60     10.37    135.80   -453.60  -86.57   -356.88  0.00     0.00     0.00     -19.43   -0.00    0.00     1.08     -779.60 
216      0.65     10.36    143.09   -459.53  -98.75   -356.12  0.00     0.00     0.00     -19.56   -0.00    0.00     0.91     -789.96 
217      0.68     10.69    148.24   -453.38  -83.18   -349.38  0.00     0.00     0.00     -21.04   -0.00    0.00     1.07     -757.66 
218      0.66     10.18    131.66   -455.57  -90.37   -351.95  0.00     0.00     0.00     -19.53   -0.00    0.00     0.92     -784.83 
219      0.67     10.17    114.67   -462.06  -88.45   -354.57  0.00     0.00     0.00     -21.41   0.00     0.00     0.98     -810.84 
220      0.69     10.12    145.99   -459.78  -92.47   -351.38  0.00     0.00     0.00     -20.13   -0.00    0.00     1.12     -776.65 
221      0.59     10.11    114.21   -460.14  -91.85   -352.12  0.00     0.00     0.00     -20.64   -0.00    0.00     0.99     -809.56 
222      0.60     10.04    129.83   -455.57  -96.80   -353.42  0.00     0.00     0.00     -20.84   -0.00    0.00     1.13     -795.67 
223      0.67     10.63    133.52   -453.93  -84.76   -350.68  0.00     0.00     0.00     -20.41   0.00     0.00     1.04     -775.21 
224      0.69     10.47    136.05   -458.24  -87.84   -351.64  0.00     0.00     0.00     -19.89   -0.00    0.00     0.97     -780.59 
225      0.65     10.45    137.47   -464.86  -90.32   -350.29  0.00     0.00     0.00     -20.10   -0.00    0.00     0.83     -787.27 
226      0.67     10.08    128.98   -459.76  -99.18   -348.39  0.00     0.00     0.00     -18.89   -0.00    0.00     1.50     -795.74 
227      0.66     10.37    127.89   -460.70  -90.47   -349.08  0.00     0.00     0.00     -22.13   -0.00    0.00     0.77     -793.72 
228      0.64     10.22    129.42   -460.08  -99.85   -348.64  0.00     0.00     0.00     -18.54   -0.00    0.00     0.97     -796.72 
229      0.67     10.20    135.72   -458.51  -95.61   -352.35  0.00     0.00     0.00     -22.55   0.00     0.00     1.04     -792.25 
230      0.70     10.22    121.05   -456.60  -89.30   -350.62  0.00     0.00     0.00     -18.30   -0.00    0.00     1.27     -792.50 
231      0.64     10.21    132.29   -458.64  -94.04   -352.37  0.00     0.00     0.00     -20.63   -0.00    0.00     1.12     -792.26 
232      0.56     10.24    132.86   -451.00  -96.72   -351.45  0.00     0.00     0.00     -19.42   -0.00    0.00     0.89     -784.84 
233      0.55     10.49    138.27   -458.91  -92.82   -351.06  0.00     0.00     0.00     -17.35   -0.00    0.00     0.81     -781.07 
234      0.60     10.05    149.51   -453.71  -90.98   -353.92  0.00     0.00     0.00     -18.93   -0.00    0.00     0.77     -767.26 
235      0.62     10.24    122.57   -460.44  -94.85   -352.63  0.00     0.00     0.00     -20.26   -0.00    0.00     0.98     -804.63 
236      0.58     10.34    131.49   -457.83  -91.64   -348.53  0.00     0.00     0.00     -20.91   -0.00    0.00     0.86     -786.55 
237      0.48     10.57    140.58   -454.87  -88.89   -339.80  0.00     0.00     0.00     -21.26   -0.00    0.00     1.00     -763.24 
238      0.51     10.66    121.92   -462.82  -85.27   -350.36  0.00     0.00     0.00     -17.93   -0.00    0.00     1.44     -793.02 
239      0.58     10.06    141.94   -457.30  -92.12   -353.02  0.00     0.00     0.00     -20.39   -0.00    0.00     1.23     -779.66 
240      0.56     10.47    123.68   -459.99  -88.50   -353.44  0.00     0.00     0.00     -21.13   -0.00    0.00     1.11     -798.27 
241      0.63     10.37    118.04   -460.55  -88.79   -348.71  0.00     0.00     0.00     -19.99   -0.00    0.00     1.16     -798.83 
242      0.64     10.28    130.96   -450.53  -90.66   -351.94  0.00     0.00     0.00     -20.69   -0.00    0.00     1.20     -781.66 
243      0.62     10.49    127.22   -460.08  -88.42   -352.47  0.00     0.00     0.00     -20.39   -0.00    0.00     1.14     -793.01 
244      0.64     10.13    121.89   -457.24  -95.92   -353.08  0.00     0.00     0.00     -19.23   -0.00    0.00     1.06     -802.51 
245      0.59     10.40    121.23   -461.50  -96.14   -350.07  0.00     0.00     0.00     -20.49   -0.00    0.00     1.01     -805.98 
246      0.71     10.07    133.37   -456.73  -95.75   -351.83  0.00     0.00     0.00     -19.67   -0.00    0.00     1.06     -789.54 
247      0.72     10.24    126.70   -455.74  -90.09   -354.41  0.00     0.00     0.00     -21.82   0.00     0.00     1.11     -794.25 
248      0.69     10.48    125.05   -458.38  -87.55   -353.16  0.00     0.00     0.00     -20.85   0.00     0.00     0.43     -794.45 
249      0.71     10.17    140.54   -452.42  -95.39   -352.58  0.00     0.00     0.00     -20.58   -0.00    0.00     0.92     -779.51 
250      0.65     10.39    128.02   -463.65  -93.69   -355.49  0.00     0.00     0.00     -19.72   -0.00    0.00     1.00     -803.54 
251      0.64     10.31    121.61   -453.86  -95.74   -351.31  0.00     0.00     0.00     -20.52   -0.00    0.00     1.07     -798.75 
252      0.61     10.86    115.78   -459.99  -89.56   -349.14  0.00     0.00     0.00     -20.43   0.00     0.00     1.37     -801.96 
253      0.65     10.22    124.92   -459.54  -88.72   -350.70  0.00     0.00     0.00     -20.31   -0.00    0.00     1.34     -793.01 
254      0.64     10.31    124.45   -456.75  -95.70   -349.22  0.00     0.00     0.00     -20.35   -0.00    0.00     1.42     -796.15 
255      0.64     10.22    147.29   -454.07  -94.77   -351.41  0.00     0.00     0.00     -18.46   -0.00    0.00     1.06     -770.36 
256      0.65     10.43    130.88   -464.46  -96.42   -350.04  0.00     0.00     0.00     -20.74   -0.00    0.00     0.86     -799.94 
257      0.65     10.31    123.43   -459.40  -93.01   -349.83  0.00     0.00     0.00     -19.72   -0.00    0.00     1.08     -797.45 
258      0.63     10.45    140.30   -452.24  -91.71   -354.93  0.00     0.00     0.00     -22.53   -0.00    0.00     1.26     -779.86 
259      0.61     10.32    121.85   -460.07  -91.30   -354.03  0.00     0.00     0.00     -20.63   -0.00    0.00     1.07     -803.12 
260      0.63     10.34    113.96   -460.50  -93.76   -351.42  0.00     0.00     0.00     -21.06   -0.00    0.00     1.14     -811.64 
261      0.53     10.18    138.36   -458.63  -93.04   -348.25  0.00     0.00     0.00     -18.59   -0.00    0.00     1.15     -779.00 
262      0.65     10.39    125.16   -461.28  -96.04   -350.81  0.00     0.00     0.00     -20.55   -0.00    0.00     1.22     -802.29 
263      0.66     10.34    124.69   -457.14  -92.33   -354.92  0.00     0.00     0.00     -18.40   -0.00    0.00     0.81     -797.29 
264      0.65     10.35    132.65   -452.77  -95.76   -351.56  0.00     0.00     0.00     -18.53   0.00     0.00     1.28     -784.70 
265      0.64     10.17    128.53   -460.38  -91.29   -348.71  0.00     0.00     0.00     -19.16   -0.17    0.00     0.99     -790.19 
266      0.58     10.53    115.51   -456.28  -91.69   -349.86  0.00     0.00     0.00     -20.41   -0.00    0.00     1.01     -801.72 
267      0.64     10.34    125.17   -449.39  -86.85   -352.21  0.00     0.00     0.00     -21.61   -0.00    0.00     0.63     -784.27 
268      0.68     10.03    132.11   -458.99  -93.47   -349.48  0.00     0.00     0.00     -20.04   -0.00    0.00     0.89     -789.00 
269      0.65     10.29    144.93   -459.87  -97.58   -347.59  0.00     0.00     0.00     -18.48   -0.00    0.00     0.74     -777.85 
270      0.64     10.44    136.20   -457.16  -89.33   -352.40  0.00     0.00     0.00     -17.70   -0.00    0.00     1.63     -778.76 
271      0.66     10.29    124.81   -457.14  -88.59   -350.74  0.00     0.00     0.00     -21.31   -0.00    0.00     1.01     -791.97 
272      0.69     10.45    121.53   -455.33  -91.06   -349.07  0.00     0.00     0.00     -20.02   0.00     0.00     0.85     -793.09 
273      0.59     10.36    122.03   -457.06  -89.59   -349.13  0.00     0.00     0.00     -20.73   0.00     0.00     1.04     -793.43 
274      0.62     10.50    126.87   -454.75  -86.02   -353.83  0.00     0.00     0.00     -21.82   0.00     0.00     1.29     -788.25 
275      0.66     10.57    128.71   -452.86  -88.40   -354.23  0.00     0.00     0.00     -22.60   0.00     0.00     1.78     -787.60 
276      0.59     10.39    137.68   -447.71  -89.69   -354.30  0.00     0.00     0.00     -19.14   -0.00    0.00     1.04     -772.12 
277      0.69     10.28    147.07   -454.35  -95.44   -350.99  0.00     0.00     0.00     -21.08   0.00     0.00     0.96     -773.83 
278      0.58     10.18    138.54   -451.68  -90.94   -351.50  0.00     0.00     0.00     -19.72   -0.00    0.00     0.84     -774.47 
279      0.54     10.99    125.85   -452.67  -85.67   -353.11  0.00     0.00     0.00     -20.36   -0.00    0.00     1.26     -784.70 
280      0.65     10.04    131.43   -450.37  -92.44   -351.92  0.00     0.00     0.00     -21.48   -0.00    0.00     1.62     -783.16 
281      0.55     11.00    123.15   -456.06  -90.37   -349.44  0.00     0.00     0.00     -21.18   -0.00    0.00     1.31     -792.59 
282      0.72     10.22    125.50   -458.35  -93.84   -352.21  0.00     0.00     0.00     -20.31   0.00     0.00     0.87     -798.34 
283      0.61     10.33    127.45   -455.87  -93.20   -353.76  0.00     0.00     0.00     -21.22   -0.00    0.00     0.65     -795.95 
284      0.64     10.22    128.46   -447.41  -97.29   -352.23  0.00     0.00     0.00     -19.23   -0.00    0.00     0.81     -786.89 
285      0.49     11.48    124.34   -451.00  -80.54   -352.01  0.00     0.00     0.00     -22.06   0.00     0.00     1.34     -779.92 
286      0.70     10.48    131.97   -455.10  -91.75   -350.52  0.00     0.00     0.00     -22.18   0.00     0.00     1.03     -786.56 
287      0.62     10.46    119.90   -454.86  -93.19   -352.32  0.00     0.00     0.00     -18.55   -0.00    0.00     1.46     -797.54 
288      0.68     10.21    144.44   -463.24  -90.74   -354.60  0.00     0.00     0.00     -18.82   -0.00    0.00     1.05     -781.91 
289      0.62     10.38    128.03   -460.14  -92.95   -355.36  0.00     0.00     0.00     -21.64   0.00     0.00     0.99     -801.07 
290      0.58     10.35    126.57   -450.44  -91.01   -352.94  0.00     0.00     0.00     -19.17   -0.00    0.00     1.16     -785.84 
291      0.70     10.05    139.65   -455.07  -91.73   -353.96  0.00     0.00     0.00     -21.33   0.00     0.00     1.12     -781.32 
292      0.59     10.25    125.20   -457.71  -98.09   -351.43  0.00     0.00     0.00     -20.28   -0.00    0.00     0.95     -801.36 
293      0.65     10.12    124.33   -458.36  -94.70   -350.81  0.00     0.00     0.00     -20.07   -0.00    0.00     1.13     -798.48 
294      0.66     10.44    136.11   -462.39  -94.81   -351.11  0.00     0.00     0.00     -19.13   -0.00    0.00     1.26     -790.06 
295      0.61     10.59    131.40   -449.58  -88.08   -351.38  0.00     0.00     0.00     -19.50   0.00     0.00     0.90     -776.24 
296      0.63     10.50    130.97   -454.83  -92.73   -354.00  0.00     0.00     0.00     -20.62   0.00     0.00     1.05     -790.15 
297      0.57     10.60    121.44   -456.19  -92.60   -351.05  0.00     0.00     0.00     -19.92   -0.00    0.00     1.28     -797.04 
298      0.62     10.34    145.20   -456.10  -87.71   -350.57  0.00     0.00     0.00     -21.31   -0.00    0.00     1.56     -768.93 
299      0.61     10.59    122.90   -457.08  -91.76   -355.62  0.00     0.00     0.00     -21.87   -0.00    0.00     1.42     -802.01 
300      0.65     10.50    129.01   -456.31  -86.46   -349.01  0.00     0.00     0.00     -19.92   -0.00    0.00     1.18     -781.51 
301      0.67     10.44    118.24   -450.64  -92.48   -352.43  0.00     0.00     0.00     -22.03   -0.00    0.00     0.97     -798.36 
302      0.53     10.69    137.86   -449.81  -91.77   -351.68  0.00     0.00     0.00     -18.54   -0.00    0.00     1.42     -772.51 
303      0.58     10.63    120.36   -457.63  -88.34   -353.91  0.00     0.00     0.00     -19.32   0.00     0.00     1.57     -797.27 
304      0.63     10.37    143.65   -452.51  -90.36   -352.81  0.00     0.00     0.00     -20.53   -0.00    0.00     1.32     -771.25 
305      0.64     10.69    120.75   -453.41  -88.47   -354.47  0.00     0.00     0.00     -20.09   -0.00    0.00     1.50     -794.20 
306      0.56     10.15    115.82   -445.02  -92.02   -351.56  0.00     0.00     0.00     -18.59   -0.00    0.00     1.08     -790.29 
307      0.58     10.39    138.11   -447.61  -93.28   -353.96  0.00     0.00     0.00     -20.76   -0.00    0.00     1.05     -776.46 
308      0.66     10.24    117.95   -457.81  -91.48   -353.06  0.00     0.00     0.00     -21.01   -0.00    0.00     1.37     -804.06 
309      0.66     10.20    137.35   -460.96  -92.64   -351.32  0.00     0.00     0.00     -21.39   -0.00    0.00     1.21     -787.75 
310      0.57     10.84    133.89   -455.32  -90.05   -350.57  0.00     0.00     0.00     -22.34   -0.00    0.00     1.47     -782.92 
311      0.70     10.02    119.12   -456.73  -91.80   -353.68  0.00     0.00     0.00     -22.02   -0.00    0.00     1.09     -804.01 
312      0.65     10.38    127.27   -450.13  -95.77   -352.17  0.00     0.00     0.00     -20.48   -0.00    0.00     0.85     -790.43 
313      0.64     10.20    108.62   -462.26  -96.24   -351.63  0.00     0.00     0.00     -20.78   -0.00    0.00     0.72     -821.58 
314      0.68     10.01    128.30   -455.01  -95.71   -351.22  0.00     0.00     0.00     -19.82   -0.00    0.00     0.48     -792.99 
315      0.56     10.59    118.72   -461.31  -96.82   -354.30  0.00     0.00     0.00     -20.17   -0.00    0.00     0.98     -812.90 
316      0.58     10.25    118.66   -455.66  -96.78   -351.47  0.00     0.00     0.00     -20.05   -0.00    0.00     0.92     -804.38 
317      0.58     10.83    113.73   -461.31  -88.48   -351.25  0.00     0.00     0.00     -20.23   0.00     0.00     1.31     -806.23 
318      0.67     10.63    121.92   -454.20  -86.59   -352.91  0.00     0.00     0.00     -18.33   -0.00    0.00     1.13     -788.98 
319      0.64     10.64    142.08   -457.68  -87.07   -354.58  0.00     0.00     0.00     -22.82   -0.00    0.00     1.09     -778.98 
320      0.63     10.37    124.12   -451.98  -89.27   -349.08  0.00     0.00     0.00     -18.00   -0.00    0.00     0.71     -783.51 
321      0.66     10.54    131.27   -455.09  -92.81   -349.41  0.00     0.00     0.00     -19.63   0.00     0.00     1.11     -784.56 
322      0.61     10.03    119.11   -452.91  -93.81   -350.72  0.00     0.00     0.00     -21.78   -0.00    0.00     0.74     -799.38 
323      0.65     9.92     131.22   -457.18  -95.60   -350.07  0.00     0.00     0.00     -19.38   -0.00    0.00     0.94     -790.09 
324      0.68     10.06    109.94   -452.38  -94.38   -351.97  0.00     0.00     0.00     -20.19   -0.00    0.00     1.10     -807.89 
325      0.64     10.27    132.09   -456.16  -89.10   -354.29  0.00     0.00     0.00     -20.31   -0.00    0.00     1.20     -786.57 
326      0.46     11.71    132.93   -458.35  -81.52   -354.49  0.00     0.00     0.00     -20.96   0.00     0.00     1.85     -780.54 
327      0.54     10.63    120.84   -454.00  -90.81   -352.40  0.00     0.00     0.00     -19.98   0.00     0.00     1.70     -794.64 
328      0.67     10.28    117.81   -457.80  -96.07   -349.43  0.00     0.00     0.00     -18.78   0.00     0.00     1.03     -803.25 
329      0.60     10.48    157.72   -462.21  -94.03   -347.63  0.00     0.00     0.00     -18.50   -0.00    0.00     1.18     -763.47 
330      0.65     10.10    117.94   -455.23  -96.03   -352.43  0.00     0.00     0.00     -21.43   -0.00    0.00     1.43     -805.75 
331      0.64     10.35    134.24   -459.76  -88.18   -353.47  0.00     0.00     0.00     -19.30   -0.00    0.00     1.30     -785.16 
332      0.67     10.62    127.92   -455.86  -87.85   -353.62  0.00     0.00     0.00     -18.95   0.00     0.00     1.44     -786.92 
333      0.64     10.29    131.31   -457.62  -95.53   -351.76  0.00     0.00     0.00     -21.48   -0.00    0.00     0.99     -794.09 
334      0.66     10.40    130.63   -455.92  -96.17   -349.65  0.00     0.00     0.00     -18.26   0.00     0.00     1.27     -788.09 
335      0.71     10.32    129.63   -455.10  -98.84   -352.48  0.00     0.00     0.00     -17.98   -0.00    0.00     1.28     -793.49 
336      0.68     10.01    137.45   -456.67  -97.81   -350.82  0.00     0.00     0.00     -19.51   0.00     0.00     1.43     -785.93 
337      0.63     10.24    136.82   -459.08  -90.03   -352.63  0.00     0.00     0.00     -21.37   -0.00    0.00     1.61     -784.69 
338      0.65     10.37    133.44   -457.13  -96.21   -351.79  0.00     0.00     0.00     -18.36   0.00     0.00     1.31     -788.74 
339      0.68     10.12    130.53   -455.79  -95.52   -350.05  0.00     0.00     0.00     -20.40   -0.00    0.00     1.23     -790.00 
340      0.62     10.46    129.98   -449.36  -92.81   -351.36  0.00     0.00     0.00     -20.30   -0.00    0.00     1.17     -782.68 
341      0.66     10.31    142.90   -452.75  -93.89   -347.34  0.00     0.00     0.00     -17.14   0.00     0.00     0.93     -767.29 
342      0.61     10.25    129.52   -456.36  -97.15   -349.50  0.00     0.00     0.00     -18.91   0.00     0.00     1.23     -791.17 
343      0.61     10.21    125.60   -454.61  -92.93   -349.87  0.00     0.00     0.00     -20.00   -0.00    0.00     1.28     -790.52 
344      0.69     10.39    142.09   -455.06  -90.46   -353.27  0.00     0.00     0.00     -21.12   0.00     0.00     1.33     -776.49 
345      0.65     10.52    136.21   -451.15  -89.70   -352.76  0.00     0.00     0.00     -20.40   0.00     0.00     1.30     -776.51 
346      0.68     10.37    124.00   -457.60  -92.92   -351.08  0.00     0.00     0.00     -19.97   -0.00    0.00     1.16     -796.41 
347      0.57     10.37    133.33   -451.50  -88.37   -354.33  0.00     0.00     0.00     -20.78   0.00     0.00     1.22     -780.43 
348      0.63     10.06    115.28   -454.67  -95.28   -352.23  0.00     0.00     0.00     -20.00   -0.00    0.00     1.28     -805.62 
349      0.62     10.88    129.53   -455.52  -84.81   -354.30  0.00     0.00     0.00     -20.22   0.00     0.00     1.46     -783.86 
350      0.63     10.37    121.25   -456.30  -88.82   -352.52  0.00     0.00     0.00     -18.78   -0.00    0.00     1.06     -794.10 
351      0.61     10.45    135.54   -456.67  -89.60   -351.76  0.00     0.00     0.00     -19.73   -0.00    0.00     1.36     -780.87 
352      0.65     10.10    122.55   -453.97  -93.50   -345.23  0.00     0.00     0.00     -19.63   0.00     0.00     0.94     -788.84 
353      0.63     10.15    138.10   -452.85  -99.38   -349.75  0.00     0.00     0.00     -18.76   -0.00    0.00     1.54     -781.11 
354      0.66     10.33    132.47   -451.67  -93.89   -353.26  0.00     0.00     0.00     -19.87   -0.00    0.00     1.44     -784.77 
355      0.66     10.48    112.48   -455.64  -92.19   -352.77  0.00     0.00     0.00     -18.69   -0.00    0.00     1.06     -805.75 
356      0.67     10.40    129.91   -455.98  -94.11   -350.81  0.00     0.00     0.00     -19.34   0.00     0.00     1.16     -789.17 
357      0.65     10.30    131.43   -456.59  -93.24   -357.06  0.00     0.00     0.00     -20.63   -0.00    0.00     1.03     -795.07 
358      0.62     10.12    129.64   -464.44  -96.53   -350.24  0.00     0.00     0.00     -17.59   -0.00    0.00     0.95     -798.21 
359      0.69     10.01    147.33   -453.50  -89.75   -353.09  0.00     0.00     0.00     -20.25   -0.00    0.00     1.18     -768.07 
360      0.67     10.38    134.31   -459.99  -87.68   -354.56  0.00     0.00     0.00     -21.60   -0.00    0.00     1.23     -788.29 
361      0.64     10.27    136.82   -453.81  -98.42   -352.37  0.00     0.00     0.00     -18.99   -0.00    0.00     0.77     -786.00 
362      0.59     10.50    129.53   -462.58  -90.30   -353.91  0.00     0.00     0.00     -21.15   -0.00    0.00     1.16     -797.25 
363      0.57     10.17    133.01   -452.01  -96.34   -348.25  0.00     0.00     0.00     -22.25   -0.00    0.00     0.72     -785.12 
364      0.58     10.47    135.09   -457.07  -89.20   -353.83  0.00     0.00     0.00     -20.80   -0.00    0.00     1.18     -784.64 
365      0.60     10.07    121.80   -448.38  -99.39   -348.36  0.00     0.00     0.00     -17.26   -0.00    0.00     0.81     -790.79 
366      0.66     10.01    133.25   -450.53  -96.77   -349.27  0.00     0.00     0.00     -19.49   -0.00    0.00     0.98     -781.84 
367      0.56     10.11    128.49   -461.78  -90.77   -348.82  0.00     0.00     0.00     -19.14   -0.00    0.00     0.70     -791.31 
368      0.70     10.18    133.07   -461.24  -91.28   -352.20  0.00     0.00     0.00     -19.66   -0.00    0.00     1.04     -790.27 
369      0.68     10.21    116.33   -454.41  -90.85   -352.19  0.00     0.00     0.00     -21.10   -0.00    0.00     0.81     -801.41 
370      0.66     10.39    147.75   -457.12  -87.76   -353.91  0.00     0.00     0.00     -20.75   -0.00    0.00     0.96     -770.84 
371      0.59     10.14    109.57   -459.43  -95.76   -349.49  0.00     0.00     0.00     -20.30   -0.00    0.00     0.90     -814.49 
372      0.68     10.10    113.17   -452.42  -95.39   -354.23  0.00     0.00     0.00     -20.42   -0.00    0.00     1.17     -808.11 
373      0.67     10.30    124.98   -459.31  -95.58   -354.56  0.00     0.00     0.00     -22.25   -0.00    0.00     0.82     -805.89 
374      0.64     10.45    138.21   -451.65  -91.64   -353.06  0.00     0.00     0.00     -20.12   0.00     0.00     0.87     -777.39 
375      0.68     10.07    132.57   -454.90  -101.07  -352.03  0.00     0.00     0.00     -20.00   -0.00    0.00     0.64     -794.80 
376      0.60     10.45    125.06   -454.88  -89.21   -349.42  0.00     0.00     0.00     -18.40   -0.00    0.00     0.73     -786.11 
377      0.63     10.52    114.63   -459.16  -94.34   -349.97  0.00     0.00     0.00     -20.33   -0.00    0.00     0.72     -808.43 
378      0.62     10.29    113.94   -455.61  -97.35   -351.95  0.00     0.00     0.00     -20.18   -0.00    0.00     0.87     -810.29 
379      0.60     10.45    120.59   -455.74  -95.09   -350.35  0.00     0.00     0.00     -20.95   -0.00    0.00     0.82     -800.72 
380      0.70     10.32    119.63   -447.16  -97.20   -351.83  0.00     0.00     0.00     -20.00   -0.00    0.00     1.22     -795.34 
381      0.69     10.11    127.14   -450.14  -93.78   -349.18  0.00     0.00     0.00     -21.81   -0.00    0.00     1.37     -786.39 
382      0.57     10.38    137.27   -458.34  -95.30   -353.15  0.00     0.00     0.00     -20.55   -0.00    0.00     1.02     -789.05 
383      0.56     10.27    125.15   -456.62  -95.36   -343.58  0.00     0.00     0.00     -20.72   -0.00    0.00     0.76     -790.37 
384      0.61     10.20    127.49   -454.84  -98.00   -351.11  0.00     0.00     0.00     -20.65   -0.00    0.00     0.74     -796.37 
385      0.70     10.04    114.92   -456.07  -95.68   -351.80  0.00     0.00     0.00     -19.14   -0.00    0.00     1.08     -806.69 
386      0.50     10.58    129.85   -451.03  -85.72   -341.58  0.00     0.00     0.00     -21.66   -0.00    0.00     1.57     -768.56 
387      0.51     10.35    110.29   -453.89  -98.33   -344.50  0.00     0.00     0.00     -18.97   -0.00    0.00     0.82     -804.57 
388      0.55     10.64    124.31   -451.69  -86.77   -347.51  0.00     0.00     0.00     -19.55   0.00     0.00     0.86     -780.34 
389      0.50     10.69    148.29   -460.14  -98.28   -349.62  0.00     0.00     0.00     -18.62   -0.00    0.00     1.24     -777.12 
390      0.73     10.29    137.00   -454.94  -91.86   -352.21  0.00     0.00     0.00     -21.71   -0.00    0.00     0.91     -782.81 
391      0.68     10.05    123.11   -455.32  -95.34   -351.99  0.00     0.00     0.00     -19.98   -0.00    0.00     1.50     -798.01 
392      0.59     10.57    132.01   -452.89  -85.48   -351.74  0.00     0.00     0.00     -21.64   0.00     0.00     1.61     -778.13 
393      0.62     10.43    122.09   -459.68  -89.30   -355.05  0.00     0.00     0.00     -20.93   -0.00    0.00     1.32     -801.55 
394      0.71     10.30    125.03   -457.11  -90.10   -350.17  0.00     0.00     0.00     -21.50   0.00     0.00     1.43     -792.41 
395      0.71     10.21    125.75   -450.94  -93.03   -353.12  0.00     0.00     0.00     -22.31   -0.00    0.00     1.74     -791.90 
396      0.71     10.10    121.04   -458.89  -93.45   -354.54  0.00     0.00     0.00     -21.42   0.00     0.00     1.10     -806.15 
397      0.71     10.35    122.67   -454.58  -88.67   -353.17  0.00     0.00     0.00     -19.80   0.00     0.00     1.42     -792.12 
398      0.61     10.19    137.82   -455.38  -97.93   -352.23  0.00     0.00     0.00     -19.10   -0.00    0.00     1.12     -785.69 
399      0.64     10.15    145.02   -452.77  -92.91   -355.22  0.00     0.00     0.00     -19.53   -0.00    0.00     0.88     -774.52 
400      0.62     10.31    142.22   -456.20  -92.12   -349.92  0.00     0.00     0.00     -20.64   -0.00    0.00     0.78     -775.87 
401      0.66     10.05    113.87   -455.84  -85.70   -354.00  0.00     0.00     0.00     -20.85   -0.00    0.00     1.07     -801.45 
