Steps    Q        Rg       Backbone Rama     Contact  Fragment Membrane ER       TBM_Q    Beta     Pap      Helical  Debye_huckel Total   
0        1.00     10.06    80.42    -357.54  -74.08   -363.62  0.00     0.00     0.00     -23.45   0.00     0.00     0.74     -737.53 
1        0.96     10.09    4.42     -441.56  -87.60   -363.93  0.00     0.00     0.00     -24.63   -0.00    0.00     0.98     -912.33 
2        0.68     10.37    133.76   -460.73  -89.00   -354.41  0.00     0.00     0.00     -22.18   -0.00    0.00     1.04     -791.52 
3        0.69     10.39    141.71   -450.09  -92.69   -351.84  0.00     0.00     0.00     -20.18   0.00     0.00     1.01     -772.08 
4        0.71     10.40    121.67   -456.15  -88.24   -353.79  0.00     0.00     0.00     -19.60   -0.00    0.00     0.89     -795.21 
5        0.64     10.82    135.83   -458.33  -88.73   -351.43  0.00     0.00     0.00     -19.40   -0.00    0.00     1.29     -780.77 
6        0.66     10.15    114.74   -458.43  -93.49   -353.55  0.00     0.00     0.00     -18.69   0.00     0.00     0.59     -808.84 
7        0.67     10.05    135.15   -459.14  -95.42   -352.57  0.00     0.00     0.00     -20.48   -0.00    0.00     0.84     -791.61 
8        0.64     10.17    127.14   -454.24  -92.46   -353.39  0.00     0.00     0.00     -18.73   -0.00    0.00     1.41     -790.27 
9        0.74     10.30    124.77   -458.21  -96.76   -348.71  0.00     0.00     0.00     -17.96   0.00     0.00     1.55     -795.32 
10       0.68     10.37    124.32   -454.18  -92.62   -355.43  0.00     0.00     0.00     -19.38   0.00     0.00     1.32     -795.96 
11       0.63     10.19    145.41   -455.67  -95.73   -352.30  0.00     0.00     0.00     -20.46   -0.00    0.00     1.18     -777.57 
12       0.69     10.27    136.09   -456.64  -91.22   -352.85  0.00     0.00     0.00     -18.15   -0.00    0.00     1.26     -781.51 
13       0.69     9.78     115.68   -449.66  -97.92   -350.41  0.00     0.00     0.00     -20.56   -0.00    0.00     1.44     -801.43 
14       0.60     10.12    113.60   -454.72  -91.75   -353.65  0.00     0.00     0.00     -21.50   -0.00    0.00     1.32     -806.68 
15       0.68     10.17    133.26   -459.97  -90.33   -344.27  0.00     0.00     0.00     -19.03   -0.00    0.00     1.33     -779.02 
16       0.65     10.37    130.48   -456.92  -87.83   -349.61  0.00     0.00     0.00     -20.07   0.00     0.00     1.65     -782.30 
17       0.72     10.41    114.88   -454.41  -92.68   -350.44  0.00     0.00     0.00     -20.96   0.00     0.00     0.80     -802.80 
18       0.70     10.36    137.01   -459.41  -98.07   -355.29  0.00     0.00     0.00     -19.45   0.00     0.00     1.29     -793.92 
19       0.66     10.45    131.10   -457.81  -95.47   -355.02  0.00     0.00     0.00     -20.25   -0.00    0.00     0.99     -796.47 
20       0.64     10.38    118.88   -456.72  -91.48   -352.55  0.00     0.00     0.00     -19.23   -0.00    0.00     1.38     -799.72 
21       0.62     10.39    140.57   -454.43  -91.21   -348.47  0.00     0.00     0.00     -20.16   0.00     0.00     1.07     -772.64 
22       0.69     10.19    109.30   -453.74  -100.83  -353.50  0.00     0.00     0.00     -20.72   0.00     0.00     0.99     -818.51 
23       0.69     10.21    122.54   -461.35  -93.32   -353.99  0.00     0.00     0.00     -19.75   0.00     0.00     1.05     -804.82 
24       0.60     10.25    139.72   -453.34  -95.38   -346.78  0.00     0.00     0.00     -17.21   -0.00    0.00     0.56     -772.45 
25       0.72     10.43    126.65   -453.46  -89.70   -353.45  0.00     0.00     0.00     -19.63   0.00     0.00     1.17     -788.43 
26       0.65     10.31    130.35   -456.65  -92.27   -350.23  0.00     0.00     0.00     -20.52   0.00     0.00     1.05     -788.29 
27       0.61     10.64    136.54   -455.06  -86.67   -353.18  0.00     0.00     0.00     -20.96   -0.00    0.00     1.15     -778.17 
28       0.64     10.31    122.17   -451.82  -95.39   -350.52  0.00     0.00     0.00     -20.70   -0.00    0.00     0.90     -795.36 
29       0.68     10.24    134.09   -459.92  -96.53   -353.64  0.00     0.00     0.00     -20.39   -0.00    0.00     1.22     -795.17 
30       0.65     10.36    123.50   -457.69  -92.23   -352.45  0.00     0.00     0.00     -22.64   -0.00    0.00     1.02     -800.49 
31       0.64     10.51    128.43   -455.59  -89.78   -352.32  0.00     0.00     0.00     -21.80   -0.00    0.00     1.61     -789.46 
32       0.61     10.06    122.01   -447.97  -85.26   -353.93  0.00     0.00     0.00     -20.61   -0.00    0.00     1.58     -784.18 
33       0.62     10.50    133.54   -461.12  -90.36   -352.43  0.00     0.00     0.00     -19.49   -0.00    0.00     1.60     -788.27 
34       0.63     10.32    125.44   -461.12  -90.02   -353.11  0.00     0.00     0.00     -20.52   -0.00    0.00     1.22     -798.11 
35       0.73     10.09    137.44   -453.29  -91.82   -347.40  0.00     0.00     0.00     -20.25   -0.00    0.00     1.10     -774.22 
36       0.69     10.17    148.43   -456.95  -93.13   -351.98  0.00     0.00     0.00     -21.40   -0.00    0.00     1.48     -773.56 
37       0.61     10.42    134.87   -459.96  -92.41   -350.15  0.00     0.00     0.00     -20.53   -0.00    0.00     1.42     -786.75 
38       0.66     9.97     134.26   -448.68  -93.58   -349.58  0.00     0.00     0.00     -20.15   -0.00    0.00     1.73     -776.00 
39       0.60     10.48    124.44   -456.91  -89.74   -350.14  0.00     0.00     0.00     -19.74   -0.00    0.00     1.88     -790.22 
40       0.67     9.97     144.67   -454.81  -99.11   -351.76  0.00     0.00     0.00     -19.00   0.00     0.00     1.16     -778.85 
41       0.62     10.25    126.55   -459.41  -87.23   -348.94  0.00     0.00     0.00     -20.75   -0.00    0.00     1.53     -788.25 
42       0.62     10.24    133.27   -450.94  -99.15   -348.80  0.00     0.00     0.00     -16.71   -0.00    0.00     1.31     -781.02 
43       0.60     10.37    130.81   -454.78  -92.45   -352.50  0.00     0.00     0.00     -19.90   -0.00    0.00     1.31     -787.51 
44       0.66     10.38    140.78   -453.44  -89.66   -350.79  0.00     0.00     0.00     -20.31   0.00     0.00     1.47     -771.95 
45       0.64     10.74    133.01   -457.90  -86.63   -350.23  0.00     0.00     0.00     -20.57   0.00     0.00     0.97     -781.36 
46       0.67     10.70    138.65   -450.16  -85.76   -356.10  0.00     0.00     0.00     -20.68   0.00     0.00     1.37     -772.67 
47       0.65     10.53    114.96   -452.97  -89.77   -354.83  0.00     0.00     0.00     -21.90   0.00     0.00     1.22     -803.30 
48       0.57     10.83    139.52   -448.52  -90.48   -354.44  0.00     0.00     0.00     -20.84   -0.00    0.00     1.42     -773.33 
49       0.69     10.21    129.91   -466.00  -91.46   -351.75  0.00     0.00     0.00     -20.67   0.00     0.00     0.73     -799.24 
50       0.67     10.50    128.25   -458.52  -92.17   -349.23  0.00     0.00     0.00     -21.80   0.00     0.00     1.02     -792.45 
51       0.66     10.70    117.03   -455.27  -89.19   -355.92  0.00     0.00     0.00     -22.24   0.00     0.00     1.67     -803.92 
52       0.62     10.28    123.56   -457.52  -92.71   -351.83  0.00     0.00     0.00     -22.36   -0.00    0.00     1.26     -799.61 
53       0.60     10.93    133.21   -457.11  -88.19   -354.95  0.00     0.00     0.00     -20.58   -0.00    0.00     1.41     -786.20 
54       0.70     10.05    126.29   -449.76  -87.21   -351.52  0.00     0.00     0.00     -21.62   -0.00    0.00     1.08     -782.75 
55       0.67     10.23    141.70   -457.19  -97.23   -353.01  0.00     0.00     0.00     -21.34   0.00     0.00     0.91     -786.16 
56       0.68     10.52    123.39   -453.03  -93.74   -351.36  0.00     0.00     0.00     -19.18   0.00     0.00     1.11     -792.80 
57       0.68     10.30    112.48   -453.60  -93.04   -353.84  0.00     0.00     0.00     -21.29   0.00     0.00     1.12     -808.16 
58       0.58     10.46    136.76   -456.69  -90.84   -351.32  0.00     0.00     0.00     -17.59   0.00     0.00     1.42     -778.27 
59       0.48     11.00    133.35   -458.47  -84.79   -352.33  0.00     0.00     0.00     -19.70   -0.00    0.00     1.21     -780.73 
60       0.60     10.40    116.78   -454.54  -91.52   -351.76  0.00     0.00     0.00     -20.90   0.00     0.00     1.19     -800.75 
61       0.70     10.31    123.64   -459.23  -90.84   -354.93  0.00     0.00     0.00     -18.73   0.00     0.00     0.99     -799.09 
62       0.53     10.69    132.40   -452.39  -90.89   -353.17  0.00     0.00     0.00     -20.06   0.00     0.00     1.43     -782.68 
63       0.60     10.34    135.15   -456.12  -92.79   -349.31  0.00     0.00     0.00     -20.74   0.00     0.00     0.80     -783.01 
64       0.58     10.57    131.07   -453.93  -81.25   -354.50  0.00     0.00     0.00     -19.90   -0.00    0.00     1.16     -777.35 
65       0.54     10.25    139.46   -449.39  -99.57   -352.00  0.00     0.00     0.00     -19.55   -0.00    0.00     0.89     -780.15 
66       0.61     10.18    119.72   -460.68  -92.28   -347.42  0.00     0.00     0.00     -21.35   0.00     0.00     0.98     -801.03 
67       0.65     10.24    129.65   -451.99  -97.22   -348.74  0.00     0.00     0.00     -17.80   -0.00    0.00     0.99     -785.11 
68       0.69     10.30    124.75   -461.19  -89.23   -353.34  0.00     0.00     0.00     -21.59   -0.00    0.00     0.65     -799.95 
69       0.46     10.92    122.47   -461.13  -89.85   -349.84  0.00     0.00     0.00     -19.39   -0.00    0.00     0.98     -796.76 
70       0.67     10.49    129.16   -460.73  -91.63   -352.52  0.00     0.00     0.00     -19.27   -0.00    0.00     1.12     -793.88 
71       0.68     10.50    115.34   -451.55  -87.30   -352.99  0.00     0.00     0.00     -20.21   -0.00    0.00     1.16     -795.55 
72       0.60     10.41    136.60   -452.04  -91.01   -349.19  0.00     0.00     0.00     -20.28   -0.00    0.00     1.19     -774.74 
73       0.62     10.32    146.15   -458.38  -92.84   -356.38  0.00     0.00     0.00     -21.28   -0.00    0.00     1.12     -781.60 
74       0.65     10.13    128.43   -453.16  -90.29   -354.45  0.00     0.00     0.00     -21.51   -0.00    0.00     0.86     -790.13 
75       0.62     9.96     126.74   -453.04  -96.70   -357.78  0.00     0.00     0.00     -22.43   -0.00    0.00     1.05     -802.17 
76       0.57     10.40    129.06   -454.28  -89.44   -349.51  0.00     0.00     0.00     -22.75   -0.00    0.00     0.93     -786.00 
77       0.58     10.15    131.46   -448.29  -90.49   -352.31  0.00     0.00     0.00     -19.51   -0.20    0.00     0.77     -778.57 
78       0.57     10.31    132.82   -454.66  -91.85   -351.23  0.00     0.00     0.00     -18.82   -0.00    0.00     1.10     -782.65 
79       0.52     10.28    130.51   -453.33  -91.50   -347.38  0.00     0.00     0.00     -20.63   -0.00    0.00     1.15     -781.19 
80       0.63     10.51    122.57   -447.17  -84.41   -355.30  0.00     0.00     0.00     -21.10   -0.00    0.00     1.14     -784.27 
81       0.66     10.54    131.86   -459.73  -91.86   -349.10  0.00     0.00     0.00     -18.09   -0.00    0.00     1.11     -785.82 
82       0.74     10.22    133.56   -455.41  -92.90   -352.91  0.00     0.00     0.00     -20.72   -0.00    0.00     0.50     -787.88 
83       0.69     10.19    138.02   -467.01  -90.23   -353.26  0.00     0.00     0.00     -18.57   -0.00    0.00     1.06     -789.99 
84       0.68     10.30    127.31   -458.54  -92.70   -352.99  0.00     0.00     0.00     -20.38   0.00     0.00     0.92     -796.38 
85       0.67     10.41    127.13   -452.48  -85.45   -354.51  0.00     0.00     0.00     -20.96   -0.00    0.00     1.33     -784.94 
86       0.68     10.31    130.25   -459.87  -92.75   -354.53  0.00     0.00     0.00     -21.23   0.00     0.00     0.89     -797.23 
87       0.68     10.18    126.40   -456.81  -91.57   -353.27  0.00     0.00     0.00     -21.07   -0.00    0.00     0.77     -795.56 
88       0.69     10.46    128.75   -457.28  -88.86   -355.61  0.00     0.00     0.00     -21.78   -0.00    0.00     0.98     -793.81 
89       0.63     10.17    132.58   -456.96  -95.13   -348.22  0.00     0.00     0.00     -20.24   -0.00    0.00     0.98     -786.99 
90       0.59     10.19    132.99   -455.95  -99.26   -351.10  0.00     0.00     0.00     -19.28   -0.00    0.00     0.70     -791.92 
91       0.67     10.24    128.24   -451.88  -93.64   -351.44  0.00     0.00     0.00     -19.98   -0.00    0.00     0.94     -787.77 
92       0.60     10.40    137.80   -448.52  -91.99   -354.99  0.00     0.00     0.00     -20.01   -0.00    0.00     1.19     -776.52 
93       0.55     10.77    142.62   -458.15  -88.75   -355.17  0.00     0.00     0.00     -19.46   -0.00    0.00     1.50     -777.41 
94       0.60     10.25    146.06   -451.44  -88.96   -357.75  0.00     0.00     0.00     -20.45   -0.00    0.00     1.14     -771.40 
95       0.61     10.40    124.57   -457.94  -92.60   -348.03  0.00     0.00     0.00     -18.87   -0.00    0.00     1.19     -791.68 
96       0.63     10.09    131.32   -457.90  -93.66   -350.82  0.00     0.00     0.00     -19.44   -0.00    0.00     0.72     -789.77 
97       0.60     10.94    143.15   -459.98  -89.92   -350.90  0.00     0.00     0.00     -20.80   0.00     0.00     1.47     -776.98 
98       0.65     10.55    137.16   -457.70  -87.29   -352.95  0.00     0.00     0.00     -20.17   -0.00    0.00     1.27     -779.69 
99       0.62     10.64    120.61   -455.31  -90.45   -354.18  0.00     0.00     0.00     -23.48   0.00     0.00     0.95     -801.87 
100      0.72     10.18    132.87   -457.69  -95.77   -354.70  0.00     0.00     0.00     -20.33   -0.00    0.00     0.75     -794.87 
101      0.67     10.43    132.35   -457.27  -90.28   -352.00  0.00     0.00     0.00     -21.45   0.00     0.00     1.18     -787.46 
102      0.67     10.36    144.58   -456.67  -91.05   -353.03  0.00     0.00     0.00     -20.75   0.00     0.00     0.94     -776.00 
103      0.60     10.02    129.39   -451.07  -94.65   -351.27  0.00     0.00     0.00     -20.81   0.00     0.00     0.64     -787.77 
104      0.55     10.66    117.33   -456.83  -89.65   -347.50  0.00     0.00     0.00     -19.80   -0.00    0.00     1.29     -795.15 
105      0.63     10.21    141.67   -454.22  -94.05   -352.63  0.00     0.00     0.00     -19.60   0.00     0.00     1.06     -777.77 
106      0.67     10.19    142.22   -456.74  -92.57   -346.97  0.00     0.00     0.00     -20.11   0.00     0.00     1.12     -773.05 
107      0.62     10.52    129.10   -457.96  -95.38   -346.66  0.00     0.00     0.00     -19.34   -0.00    0.00     1.16     -789.08 
108      0.64     10.44    139.25   -460.68  -94.79   -353.05  0.00     0.00     0.00     -19.54   0.00     0.00     1.28     -787.53 
109      0.65     10.27    121.79   -454.87  -98.59   -353.50  0.00     0.00     0.00     -21.19   -0.00    0.00     0.97     -805.40 
110      0.60     10.19    139.16   -460.53  -89.64   -350.63  0.00     0.00     0.00     -20.09   -0.00    0.00     1.11     -780.62 
111      0.69     10.17    109.77   -452.55  -94.30   -350.91  0.00     0.00     0.00     -19.70   -0.00    0.00     1.59     -806.10 
112      0.70     10.39    112.30   -463.05  -85.48   -353.53  0.00     0.00     0.00     -21.65   -0.00    0.00     1.54     -809.87 
113      0.60     10.28    127.23   -459.12  -96.22   -353.98  0.00     0.00     0.00     -18.76   -0.00    0.00     0.58     -800.27 
114      0.58     10.94    145.39   -454.62  -84.34   -352.97  0.00     0.00     0.00     -20.37   -0.00    0.00     1.86     -765.05 
115      0.62     10.41    138.15   -456.30  -87.11   -349.72  0.00     0.00     0.00     -20.69   0.00     0.00     1.18     -774.50 
116      0.63     10.04    134.48   -456.42  -97.55   -349.46  0.00     0.00     0.00     -20.96   -0.00    0.00     1.20     -788.71 
117      0.65     10.31    134.87   -458.20  -90.07   -351.10  0.00     0.00     0.00     -20.44   0.00     0.00     1.39     -783.55 
118      0.65     10.42    131.60   -456.00  -91.40   -350.50  0.00     0.00     0.00     -20.33   0.00     0.00     1.07     -785.56 
119      0.65     10.41    115.76   -452.63  -89.19   -351.69  0.00     0.00     0.00     -19.81   -0.00    0.00     1.23     -796.32 
120      0.60     10.47    132.46   -455.21  -92.06   -351.86  0.00     0.00     0.00     -18.23   -0.00    0.00     1.10     -783.80 
121      0.71     10.00    130.76   -460.52  -94.35   -350.08  0.00     0.00     0.00     -18.89   -0.00    0.00     1.35     -791.74 
122      0.63     10.61    139.86   -461.34  -93.94   -348.04  0.00     0.00     0.00     -19.70   -0.00    0.00     0.99     -782.18 
123      0.63     10.43    123.17   -458.63  -88.37   -351.82  0.00     0.00     0.00     -20.02   -0.00    0.00     1.24     -794.44 
124      0.63     10.59    116.90   -454.06  -93.39   -347.78  0.00     0.00     0.00     -19.24   0.00     0.00     1.17     -796.41 
125      0.65     10.38    126.30   -462.28  -89.94   -345.57  0.00     0.00     0.00     -20.50   -0.00    0.00     1.34     -790.67 
126      0.66     10.35    134.84   -457.60  -93.03   -353.01  0.00     0.00     0.00     -19.97   0.00     0.00     1.23     -787.55 
127      0.66     10.42    138.82   -461.15  -95.26   -353.70  0.00     0.00     0.00     -19.83   -0.00    0.00     0.93     -790.19 
128      0.67     10.60    154.82   -459.69  -93.93   -352.54  0.00     0.00     0.00     -18.46   0.00     0.00     1.41     -768.39 
129      0.65     10.43    126.82   -460.69  -91.63   -353.71  0.00     0.00     0.00     -21.53   -0.00    0.00     1.19     -799.56 
130      0.64     10.29    125.45   -457.56  -95.82   -349.12  0.00     0.00     0.00     -19.80   -0.00    0.00     0.99     -795.87 
131      0.65     10.16    127.12   -452.98  -92.21   -350.13  0.00     0.00     0.00     -20.84   0.00     0.00     1.12     -787.93 
132      0.56     10.77    114.07   -453.13  -90.72   -352.81  0.00     0.00     0.00     -21.75   -0.00    0.00     0.93     -803.42 
133      0.58     10.51    124.89   -454.01  -92.83   -351.16  0.00     0.00     0.00     -19.44   -0.00    0.00     1.16     -791.39 
134      0.60     10.33    114.19   -455.18  -89.10   -349.21  0.00     0.00     0.00     -20.49   -0.00    0.00     0.90     -798.89 
135      0.67     10.45    119.85   -450.28  -88.31   -349.88  0.00     0.00     0.00     -20.93   -0.00    0.00     1.35     -788.19 
136      0.64     10.31    123.63   -448.95  -88.67   -354.55  0.00     0.00     0.00     -20.71   -0.00    0.00     1.00     -788.26 
137      0.61     10.26    139.00   -453.85  -94.73   -347.39  0.00     0.00     0.00     -18.60   0.00     0.00     0.94     -774.63 
138      0.60     10.22    130.09   -459.60  -96.49   -351.45  0.00     0.00     0.00     -20.73   -0.00    0.00     1.06     -797.13 
139      0.63     10.32    133.29   -461.23  -89.62   -352.79  0.00     0.00     0.00     -20.09   -0.00    0.00     1.16     -789.27 
140      0.61     10.13    126.42   -449.66  -94.05   -347.35  0.00     0.00     0.00     -20.23   -0.00    0.00     0.63     -784.25 
141      0.64     10.46    135.27   -458.75  -91.23   -354.55  0.00     0.00     0.00     -21.36   -0.00    0.00     1.12     -789.50 
142      0.69     10.23    141.60   -455.87  -96.35   -348.15  0.00     0.00     0.00     -19.36   -0.00    0.00     0.65     -777.48 
143      0.64     10.25    131.00   -451.96  -92.33   -352.50  0.00     0.00     0.00     -20.51   -0.00    0.00     0.86     -785.44 
144      0.65     10.34    129.53   -456.36  -98.19   -352.10  0.00     0.00     0.00     -22.19   -0.00    0.00     0.97     -798.34 
145      0.72     10.24    149.26   -459.98  -90.24   -350.63  0.00     0.00     0.00     -17.95   -0.00    0.00     1.38     -768.16 
146      0.73     10.01    153.52   -451.03  -94.10   -351.73  0.00     0.00     0.00     -18.86   -0.00    0.00     1.40     -760.81 
147      0.67     10.19    128.97   -455.42  -99.32   -348.53  0.00     0.00     0.00     -19.04   -0.00    0.00     1.07     -792.28 
148      0.72     10.04    133.18   -461.37  -94.63   -353.39  0.00     0.00     0.00     -19.88   0.00     0.00     1.39     -794.71 
149      0.65     10.61    139.30   -455.40  -90.03   -354.52  0.00     0.00     0.00     -20.48   -0.00    0.00     1.16     -779.97 
150      0.66     9.93     125.72   -456.27  -94.84   -352.16  0.00     0.00     0.00     -20.76   -0.00    0.00     0.87     -797.44 
151      0.54     10.50    139.35   -456.36  -90.72   -351.59  0.00     0.00     0.00     -19.70   -0.00    0.00     0.90     -778.12 
152      0.59     10.55    126.17   -451.14  -90.89   -349.37  0.00     0.00     0.00     -19.83   -0.00    0.00     0.88     -784.19 
153      0.68     10.20    139.25   -457.19  -92.20   -353.23  0.00     0.00     0.00     -19.94   -0.00    0.00     1.01     -782.30 
154      0.64     10.21    129.60   -456.03  -93.99   -352.49  0.00     0.00     0.00     -20.28   -0.00    0.00     1.17     -792.03 
155      0.60     10.08    126.81   -455.85  -95.64   -351.15  0.00     0.00     0.00     -20.97   -0.00    0.00     0.82     -795.99 
156      0.67     10.46    131.76   -458.00  -91.16   -352.50  0.00     0.00     0.00     -19.73   -0.00    0.00     1.28     -788.35 
157      0.62     10.42    118.39   -452.86  -90.10   -353.60  0.00     0.00     0.00     -19.68   -0.00    0.00     1.22     -796.62 
158      0.72     10.10    124.23   -457.24  -92.54   -350.10  0.00     0.00     0.00     -18.92   -0.00    0.00     1.05     -793.51 
159      0.60     10.09    128.76   -457.10  -98.62   -351.93  0.00     0.00     0.00     -19.71   -0.00    0.00     0.95     -797.65 
160      0.65     10.04    136.99   -460.68  -97.57   -351.62  0.00     0.00     0.00     -19.83   -0.00    0.00     0.63     -792.08 
161      0.61     10.30    122.45   -462.37  -89.04   -349.67  0.00     0.00     0.00     -18.80   -0.00    0.00     1.28     -796.16 
162      0.65     10.32    116.79   -458.52  -89.14   -353.36  0.00     0.00     0.00     -20.51   0.00     0.00     1.32     -803.41 
163      0.64     10.31    127.08   -455.84  -91.61   -354.70  0.00     0.00     0.00     -19.38   -0.00    0.00     1.08     -793.37 
164      0.70     10.36    129.52   -460.27  -91.34   -349.23  0.00     0.00     0.00     -18.34   -0.00    0.00     1.55     -788.12 
165      0.55     10.35    130.78   -453.19  -91.82   -348.90  0.00     0.00     0.00     -21.07   -0.00    0.00     0.72     -783.47 
166      0.67     10.25    125.95   -454.70  -94.34   -351.77  0.00     0.00     0.00     -21.38   0.00     0.00     0.70     -795.53 
167      0.57     10.74    123.98   -457.64  -84.31   -351.17  0.00     0.00     0.00     -24.22   -0.00    0.00     1.24     -792.12 
168      0.70     10.38    112.72   -460.09  -91.61   -351.90  0.00     0.00     0.00     -19.51   -0.00    0.00     1.27     -809.11 
169      0.77     9.98     132.63   -460.50  -90.63   -349.63  0.00     0.00     0.00     -18.39   0.00     0.00     0.92     -785.61 
170      0.68     10.09    142.69   -455.14  -93.59   -356.00  0.00     0.00     0.00     -20.68   -0.00    0.00     1.16     -781.54 
171      0.63     10.10    148.66   -457.79  -92.52   -347.43  0.00     0.00     0.00     -18.78   -0.00    0.00     1.21     -766.64 
172      0.64     10.17    121.09   -449.74  -96.14   -352.80  0.00     0.00     0.00     -20.76   -0.00    0.00     1.08     -797.27 
173      0.71     10.08    126.40   -457.32  -92.56   -353.03  0.00     0.00     0.00     -21.40   -0.00    0.00     1.14     -796.77 
174      0.61     10.38    129.52   -457.66  -98.83   -352.87  0.00     0.00     0.00     -21.02   0.00     0.00     0.72     -800.14 
175      0.59     10.60    110.14   -454.17  -81.08   -347.87  0.00     0.00     0.00     -21.52   0.00     0.00     1.14     -793.36 
176      0.70     9.99     125.59   -453.46  -94.12   -348.08  0.00     0.00     0.00     -20.41   0.00     0.00     0.44     -790.04 
177      0.63     10.09    125.15   -452.80  -93.23   -349.39  0.00     0.00     0.00     -20.20   -0.00    0.00     1.15     -789.32 
178      0.64     10.21    127.43   -458.59  -88.42   -351.99  0.00     0.00     0.00     -20.15   -0.00    0.00     0.92     -790.81 
179      0.69     10.50    128.40   -456.04  -94.18   -355.75  0.00     0.00     0.00     -21.70   -0.00    0.00     0.82     -798.46 
180      0.63     10.22    138.17   -454.16  -96.94   -348.83  0.00     0.00     0.00     -18.80   -0.00    0.00     1.20     -779.37 
181      0.63     10.26    134.95   -461.73  -91.51   -352.45  0.00     0.00     0.00     -20.66   -0.00    0.00     0.88     -790.52 
182      0.72     10.45    122.29   -455.03  -90.91   -352.49  0.00     0.00     0.00     -21.01   0.00     0.00     1.39     -795.76 
183      0.58     10.61    129.56   -458.06  -84.60   -353.82  0.00     0.00     0.00     -21.11   -0.00    0.00     1.12     -786.92 
184      0.72     10.08    126.58   -456.15  -97.68   -346.68  0.00     0.00     0.00     -20.04   0.00     0.00     0.61     -793.35 
185      0.68     10.15    121.66   -461.88  -95.27   -354.01  0.00     0.00     0.00     -21.95   -0.00    0.00     0.84     -810.62 
186      0.60     10.07    128.63   -444.36  -95.81   -350.68  0.00     0.00     0.00     -20.86   -0.00    0.00     1.01     -782.07 
187      0.53     10.72    113.43   -457.51  -86.49   -351.51  0.00     0.00     0.00     -20.32   -0.00    0.00     0.89     -801.50 
188      0.67     10.24    132.84   -451.56  -97.31   -353.14  0.00     0.00     0.00     -20.84   -0.00    0.00     1.24     -788.78 
189      0.60     10.03    130.68   -459.64  -102.46  -354.83  0.00     0.00     0.00     -20.30   0.00     0.00     0.91     -805.64 
190      0.64     10.47    126.03   -455.76  -92.62   -355.31  0.00     0.00     0.00     -18.73   0.00     0.00     0.99     -795.41 
191      0.59     10.79    124.44   -453.00  -92.90   -349.87  0.00     0.00     0.00     -21.45   0.00     0.00     1.53     -791.24 
192      0.60     10.25    115.91   -453.58  -95.08   -353.83  0.00     0.00     0.00     -19.86   -0.00    0.00     0.93     -805.51 
193      0.59     10.70    122.78   -453.65  -87.42   -351.58  0.00     0.00     0.00     -19.85   0.00     0.00     1.12     -788.59 
194      0.65     10.35    133.78   -453.20  -94.38   -356.65  0.00     0.00     0.00     -19.48   -0.00    0.00     0.94     -788.99 
195      0.68     10.38    129.09   -457.22  -98.38   -351.69  0.00     0.00     0.00     -20.49   0.00     0.00     1.22     -797.48 
196      0.64     10.15    140.13   -458.62  -96.00   -351.81  0.00     0.00     0.00     -20.27   -0.00    0.00     1.11     -785.45 
197      0.67     10.43    126.70   -456.81  -89.55   -351.29  0.00     0.00     0.00     -22.06   0.00     0.00     1.06     -791.96 
198      0.72     10.38    134.31   -449.73  -94.27   -354.97  0.00     0.00     0.00     -20.28   0.00     0.00     1.11     -783.83 
199      0.72     10.42    124.65   -460.34  -91.80   -353.54  0.00     0.00     0.00     -22.67   0.00     0.00     1.32     -802.38 
200      0.65     10.37    124.64   -457.42  -92.03   -351.27  0.00     0.00     0.00     -20.09   -0.00    0.00     1.37     -794.80 
201      0.62     10.73    137.15   -457.38  -89.83   -354.95  0.00     0.00     0.00     -21.92   -0.00    0.00     1.67     -785.27 
202      0.63     10.25    146.24   -449.53  -91.89   -349.96  0.00     0.00     0.00     -22.08   -0.00    0.00     1.31     -765.92 
203      0.73     10.14    140.81   -455.69  -91.52   -351.23  0.00     0.00     0.00     -22.64   -0.00    0.00     0.95     -779.32 
204      0.73     10.13    125.52   -457.87  -91.95   -350.79  0.00     0.00     0.00     -20.04   -0.00    0.00     0.96     -794.17 
205      0.63     10.19    129.74   -459.54  -89.45   -354.66  0.00     0.00     0.00     -22.53   -0.00    0.00     1.51     -794.94 
206      0.64     10.10    137.12   -460.79  -96.58   -351.49  0.00     0.00     0.00     -21.53   -0.00    0.00     1.59     -791.69 
207      0.65     10.56    126.77   -447.68  -95.20   -352.21  0.00     0.00     0.00     -19.47   -0.00    0.00     1.17     -786.63 
208      0.62     10.21    120.53   -463.40  -92.40   -354.33  0.00     0.00     0.00     -19.67   -0.00    0.00     1.31     -807.96 
209      0.61     10.54    134.44   -454.32  -87.08   -352.97  0.00     0.00     0.00     -23.67   0.00     0.00     1.80     -781.79 
210      0.63     10.55    138.33   -458.57  -88.11   -346.77  0.00     0.00     0.00     -19.41   -0.00    0.00     1.01     -773.51 
211      0.64     10.17    123.48   -456.95  -94.84   -350.07  0.00     0.00     0.00     -18.70   -0.00    0.00     1.24     -795.84 
212      0.62     10.35    131.58   -455.43  -91.91   -348.68  0.00     0.00     0.00     -19.34   0.00     0.00     1.15     -782.63 
213      0.55     10.58    129.13   -458.35  -95.38   -354.56  0.00     0.00     0.00     -20.86   0.00     0.00     1.01     -799.01 
214      0.61     10.49    130.51   -456.27  -88.40   -350.03  0.00     0.00     0.00     -20.85   -0.00    0.00     1.20     -783.84 
215      0.65     9.93     110.41   -453.38  -92.29   -356.60  0.00     0.00     0.00     -20.23   0.00     0.00     0.90     -811.19 
216      0.71     10.23    130.46   -459.64  -94.14   -352.49  0.00     0.00     0.00     -19.65   0.00     0.00     1.02     -794.43 
217      0.74     10.04    113.61   -449.46  -94.87   -352.53  0.00     0.00     0.00     -20.55   0.00     0.00     1.31     -802.50 
218      0.64     10.42    138.64   -453.09  -88.79   -350.53  0.00     0.00     0.00     -20.29   -0.00    0.00     0.83     -773.23 
219      0.64     10.30    118.26   -462.38  -91.56   -352.31  0.00     0.00     0.00     -22.05   -0.00    0.00     1.09     -808.94 
220      0.58     10.25    128.32   -455.87  -92.49   -350.80  0.00     0.00     0.00     -20.11   0.00     0.00     0.86     -790.08 
221      0.75     10.08    125.02   -450.61  -91.45   -353.75  0.00     0.00     0.00     -21.26   -0.00    0.00     1.03     -791.02 
222      0.56     10.10    129.22   -456.72  -101.77  -349.04  0.00     0.00     0.00     -20.57   -0.00    0.00     0.65     -798.23 
223      0.62     10.27    129.75   -457.86  -91.76   -349.49  0.00     0.00     0.00     -20.67   0.00     0.00     0.87     -789.17 
224      0.69     9.99     124.18   -457.60  -94.54   -352.50  0.00     0.00     0.00     -22.09   -0.00    0.00     0.66     -801.89 
225      0.65     10.34    129.05   -461.36  -92.46   -350.19  0.00     0.00     0.00     -19.80   -0.00    0.00     1.25     -793.50 
226      0.65     10.14    121.08   -456.28  -95.32   -353.11  0.00     0.00     0.00     -20.69   -0.00    0.00     0.75     -803.56 
227      0.68     10.43    134.32   -461.85  -92.03   -350.93  0.00     0.00     0.00     -18.76   0.00     0.00     1.14     -788.10 
228      0.57     10.36    126.29   -459.48  -89.24   -351.87  0.00     0.00     0.00     -20.24   -0.00    0.00     0.95     -793.59 
229      0.63     10.11    141.79   -453.51  -91.74   -352.88  0.00     0.00     0.00     -20.96   -0.00    0.00     1.42     -775.89 
230      0.64     10.10    123.36   -457.97  -93.44   -351.57  0.00     0.00     0.00     -19.69   -0.00    0.00     1.28     -798.03 
231      0.63     10.43    133.64   -452.06  -93.52   -352.01  0.00     0.00     0.00     -20.70   -0.00    0.00     1.01     -783.64 
232      0.61     10.53    136.73   -453.51  -87.91   -347.68  0.00     0.00     0.00     -19.97   -0.00    0.00     1.15     -771.20 
233      0.66     10.24    135.26   -456.05  -87.63   -351.94  0.00     0.00     0.00     -22.72   -0.00    0.00     0.87     -782.22 
234      0.62     10.74    112.31   -461.43  -86.43   -352.31  0.00     0.00     0.00     -22.56   0.00     0.00     1.74     -808.68 
235      0.71     10.40    133.25   -457.42  -96.35   -353.77  0.00     0.00     0.00     -19.14   0.00     0.00     1.44     -791.98 
236      0.58     9.94     128.65   -452.91  -92.50   -353.51  0.00     0.00     0.00     -21.82   -0.00    0.00     1.19     -790.91 
237      0.76     10.33    117.88   -456.84  -91.32   -350.90  0.00     0.00     0.00     -20.08   -0.00    0.00     1.46     -799.81 
238      0.66     10.21    134.09   -457.33  -93.56   -351.30  0.00     0.00     0.00     -20.56   -0.00    0.00     1.07     -787.58 
239      0.50     10.74    123.45   -462.58  -86.98   -350.87  0.00     0.00     0.00     -21.32   -0.00    0.00     1.33     -796.96 
240      0.56     10.12    132.70   -456.19  -91.81   -353.06  0.00     0.00     0.00     -19.53   -0.00    0.00     0.94     -786.94 
241      0.71     10.49    126.31   -457.93  -93.44   -352.30  0.00     0.00     0.00     -20.15   -0.00    0.00     0.86     -796.65 
242      0.61     10.51    121.84   -456.13  -88.09   -349.80  0.00     0.00     0.00     -17.66   -0.00    0.00     0.90     -788.94 
243      0.63     10.32    120.07   -460.30  -89.89   -354.21  0.00     0.00     0.00     -20.80   -0.00    0.00     0.91     -804.21 
244      0.62     10.39    130.84   -452.87  -88.25   -347.73  0.00     0.00     0.00     -22.64   0.00     0.00     0.60     -780.04 
245      0.68     10.19    119.02   -456.52  -90.69   -353.80  0.00     0.00     0.00     -20.43   -0.00    0.00     0.87     -801.55 
246      0.67     10.28    125.53   -461.76  -90.33   -353.49  0.00     0.00     0.00     -19.88   -0.00    0.00     0.96     -798.96 
247      0.64     10.01    122.78   -458.07  -92.27   -356.87  0.00     0.00     0.00     -21.77   -0.00    0.00     0.69     -805.52 
248      0.72     9.88     131.98   -456.02  -96.45   -353.34  0.00     0.00     0.00     -20.99   0.00     0.00     1.29     -793.55 
249      0.64     10.35    136.46   -460.32  -98.24   -348.42  0.00     0.00     0.00     -21.55   -0.00    0.00     0.83     -791.23 
250      0.66     10.39    122.03   -454.86  -89.82   -347.98  0.00     0.00     0.00     -21.15   -0.00    0.00     0.79     -791.00 
251      0.69     10.06    140.21   -463.33  -96.72   -352.80  0.00     0.00     0.00     -22.65   -0.00    0.00     1.15     -794.15 
252      0.65     10.06    132.41   -458.01  -100.39  -350.17  0.00     0.00     0.00     -20.71   -0.00    0.00     0.53     -796.35 
253      0.67     10.55    133.98   -456.45  -80.39   -351.59  0.00     0.00     0.00     -20.50   0.00     0.00     1.27     -773.69 
254      0.71     10.10    144.07   -459.02  -94.13   -347.55  0.00     0.00     0.00     -20.86   -0.00    0.00     1.12     -776.38 
255      0.62     10.49    124.75   -453.84  -94.53   -353.97  0.00     0.00     0.00     -19.06   0.00     0.00     0.97     -795.70 
256      0.59     10.04    118.43   -457.65  -100.95  -351.87  0.00     0.00     0.00     -21.63   0.00     0.00     0.79     -812.88 
257      0.59     10.50    135.55   -457.43  -86.20   -345.14  0.00     0.00     0.00     -21.82   -0.00    0.00     1.30     -773.73 
258      0.59     10.58    121.32   -462.09  -96.04   -352.09  0.00     0.00     0.00     -19.92   -0.00    0.00     0.91     -807.92 
259      0.67     10.02    123.29   -455.60  -88.07   -351.52  0.00     0.00     0.00     -21.42   -0.00    0.00     0.72     -792.60 
260      0.65     10.18    120.22   -457.06  -93.12   -349.22  0.00     0.00     0.00     -20.21   -0.00    0.00     1.49     -797.90 
261      0.64     10.51    121.53   -462.77  -91.74   -347.03  0.00     0.00     0.00     -19.10   -0.00    0.00     1.21     -797.90 
262      0.62     10.62    122.87   -457.85  -86.39   -353.04  0.00     0.00     0.00     -21.86   -0.00    0.00     1.14     -795.13 
263      0.61     10.48    125.92   -448.69  -89.61   -345.32  0.00     0.00     0.00     -20.95   -0.00    0.00     1.44     -777.21 
264      0.62     10.44    118.81   -457.04  -88.58   -349.06  0.00     0.00     0.00     -19.35   -0.00    0.00     0.79     -794.43 
265      0.57     10.60    134.64   -454.61  -90.08   -345.13  0.00     0.00     0.00     -19.97   0.00     0.00     0.87     -774.28 
266      0.61     10.51    132.17   -450.35  -94.98   -352.22  0.00     0.00     0.00     -21.59   -0.00    0.00     1.29     -785.67 
267      0.58     10.34    126.67   -455.42  -88.52   -349.49  0.00     0.00     0.00     -19.40   -0.00    0.00     0.81     -785.35 
268      0.68     9.95     121.70   -454.61  -99.58   -346.67  0.00     0.00     0.00     -18.27   -0.00    0.00     0.34     -797.09 
269      0.67     10.47    123.10   -457.42  -87.26   -352.61  0.00     0.00     0.00     -21.13   -0.00    0.00     1.24     -794.07 
270      0.59     10.09    129.24   -460.04  -96.67   -352.19  0.00     0.00     0.00     -21.37   -0.00    0.00     1.03     -800.01 
271      0.71     9.83     131.25   -451.35  -99.76   -351.01  0.00     0.00     0.00     -19.91   -0.00    0.00     0.37     -790.41 
272      0.68     10.09    129.07   -459.27  -91.42   -350.91  0.00     0.00     0.00     -21.21   0.00     0.00     0.91     -792.83 
273      0.67     10.14    149.42   -463.10  -96.74   -351.64  0.00     0.00     0.00     -21.48   -0.00    0.00     1.08     -782.47 
274      0.69     10.37    137.88   -457.98  -96.04   -352.56  0.00     0.00     0.00     -18.87   -0.00    0.00     1.21     -786.36 
275      0.62     10.13    133.73   -457.48  -96.74   -351.05  0.00     0.00     0.00     -20.16   -0.00    0.00     0.89     -790.80 
276      0.65     10.43    140.62   -456.54  -94.96   -352.13  0.00     0.00     0.00     -19.24   0.00     0.00     0.98     -781.26 
277      0.63     9.90     138.51   -452.58  -96.55   -351.40  0.00     0.00     0.00     -20.98   -0.00    0.00     1.08     -781.93 
278      0.67     10.31    127.64   -454.08  -92.32   -349.64  0.00     0.00     0.00     -21.43   0.00     0.00     1.07     -788.77 
279      0.64     10.59    146.97   -453.18  -94.14   -352.70  0.00     0.00     0.00     -22.01   0.00     0.00     1.22     -773.84 
280      0.65     10.48    107.41   -458.76  -97.66   -352.35  0.00     0.00     0.00     -20.16   -0.00    0.00     1.60     -819.92 
281      0.64     10.37    153.53   -454.48  -88.92   -350.44  0.00     0.00     0.00     -19.23   0.00     0.00     1.89     -757.65 
282      0.65     10.29    123.69   -455.04  -92.75   -353.87  0.00     0.00     0.00     -21.36   0.00     0.00     1.23     -798.10 
283      0.67     10.08    139.74   -461.20  -96.59   -349.28  0.00     0.00     0.00     -20.45   -0.00    0.00     1.38     -786.39 
284      0.70     10.32    123.84   -456.82  -91.19   -352.50  0.00     0.00     0.00     -20.67   -0.00    0.00     1.16     -796.18 
285      0.58     10.58    130.91   -444.02  -88.56   -349.33  0.00     0.00     0.00     -20.44   -0.00    0.00     1.48     -769.95 
286      0.67     10.39    138.47   -458.52  -96.05   -351.50  0.00     0.00     0.00     -18.41   -0.00    0.00     0.49     -785.53 
287      0.69     10.15    132.35   -460.58  -93.61   -350.66  0.00     0.00     0.00     -20.17   -0.00    0.00     0.66     -792.01 
288      0.72     10.21    133.86   -459.30  -90.80   -354.71  0.00     0.00     0.00     -20.33   0.00     0.00     1.58     -789.69 
289      0.65     10.26    130.76   -448.57  -94.06   -348.43  0.00     0.00     0.00     -18.97   0.00     0.00     1.25     -778.01 
290      0.63     10.40    130.40   -456.02  -90.18   -349.30  0.00     0.00     0.00     -20.22   -0.00    0.00     1.90     -783.42 
291      0.68     10.34    125.74   -460.07  -95.03   -353.00  0.00     0.00     0.00     -21.22   -0.00    0.00     1.43     -802.15 
292      0.57     10.65    139.03   -461.94  -92.14   -351.10  0.00     0.00     0.00     -18.35   -0.00    0.00     1.11     -783.38 
293      0.71     10.40    119.50   -448.03  -93.02   -354.01  0.00     0.00     0.00     -20.94   0.00     0.00     1.53     -794.96 
294      0.62     10.16    115.49   -461.08  -91.64   -351.41  0.00     0.00     0.00     -22.22   -0.00    0.00     0.77     -810.10 
295      0.63     10.19    141.08   -454.63  -92.05   -352.88  0.00     0.00     0.00     -22.62   -0.00    0.00     1.69     -779.42 
296      0.68     10.38    134.71   -450.90  -89.46   -351.33  0.00     0.00     0.00     -20.36   0.00     0.00     1.37     -775.97 
297      0.68     10.17    136.69   -455.78  -91.92   -351.65  0.00     0.00     0.00     -20.82   -0.00    0.00     1.46     -782.02 
298      0.67     10.09    127.92   -459.80  -96.19   -351.24  0.00     0.00     0.00     -19.19   -0.00    0.00     0.76     -797.73 
299      0.53     10.68    116.60   -452.86  -88.31   -353.92  0.00     0.00     0.00     -22.01   -0.00    0.00     0.84     -799.66 
300      0.67     10.25    105.95   -462.26  -90.33   -352.79  0.00     0.00     0.00     -21.56   -0.00    0.00     0.85     -820.14 
301      0.67     10.13    136.87   -454.70  -91.25   -352.19  0.00     0.00     0.00     -18.59   -0.00    0.00     1.25     -778.62 
302      0.67     10.43    125.19   -461.24  -86.04   -355.37  0.00     0.00     0.00     -21.12   -0.00    0.00     1.20     -797.38 
303      0.68     10.36    140.26   -450.68  -90.59   -349.49  0.00     0.00     0.00     -20.63   -0.00    0.00     0.86     -770.26 
304      0.63     10.55    153.09   -460.51  -92.26   -353.98  0.00     0.00     0.00     -20.35   -0.00    0.00     1.20     -772.80 
305      0.67     10.28    134.48   -456.84  -88.64   -356.61  0.00     0.00     0.00     -20.55   0.00     0.00     1.18     -786.98 
306      0.65     10.12    129.08   -462.10  -92.38   -349.71  0.00     0.00     0.00     -19.98   -0.00    0.00     0.75     -794.34 
307      0.71     10.17    132.37   -452.92  -96.12   -349.20  0.00     0.00     0.00     -19.35   -0.00    0.00     0.89     -784.33 
308      0.66     10.23    125.09   -455.78  -95.87   -353.80  0.00     0.00     0.00     -20.64   -0.00    0.00     0.99     -800.01 
309      0.72     10.07    134.98   -455.85  -94.02   -351.20  0.00     0.00     0.00     -19.82   -0.00    0.00     1.22     -784.69 
310      0.68     10.31    136.47   -454.13  -94.96   -355.65  0.00     0.00     0.00     -21.94   0.00     0.00     1.33     -788.88 
311      0.61     10.01    124.33   -457.06  -90.77   -350.44  0.00     0.00     0.00     -19.95   -0.00    0.00     0.82     -793.07 
312      0.57     10.42    131.65   -456.43  -93.54   -349.93  0.00     0.00     0.00     -17.96   -0.00    0.00     1.17     -785.05 
313      0.64     10.35    125.89   -462.23  -90.41   -350.30  0.00     0.00     0.00     -18.40   -0.00    0.00     1.12     -794.34 
314      0.51     11.19    120.12   -450.37  -81.17   -350.79  0.00     0.00     0.00     -19.56   0.00     0.00     1.30     -780.47 
315      0.66     10.35    144.30   -458.62  -89.07   -353.93  0.00     0.00     0.00     -21.29   -0.00    0.00     1.15     -777.45 
316      0.66     10.26    133.58   -452.43  -91.50   -351.28  0.00     0.00     0.00     -18.54   -0.00    0.00     0.44     -779.71 
317      0.61     10.24    126.17   -457.48  -94.62   -351.50  0.00     0.00     0.00     -20.41   -0.00    0.00     0.93     -796.91 
318      0.58     10.06    127.37   -453.47  -95.89   -354.52  0.00     0.00     0.00     -20.82   -0.00    0.00     1.27     -796.06 
319      0.65     10.10    149.83   -450.57  -92.78   -353.16  0.00     0.00     0.00     -19.74   -0.00    0.00     0.92     -765.51 
320      0.69     10.18    119.24   -458.69  -96.06   -354.61  0.00     0.00     0.00     -18.88   0.00     0.00     1.22     -807.77 
321      0.68     10.33    131.02   -457.47  -96.27   -354.08  0.00     0.00     0.00     -20.90   0.00     0.00     0.98     -796.72 
322      0.65     10.47    125.67   -458.99  -91.20   -355.00  0.00     0.00     0.00     -20.29   -0.00    0.00     1.02     -798.79 
323      0.58     10.27    130.06   -455.93  -91.36   -351.66  0.00     0.00     0.00     -19.03   -0.00    0.00     1.06     -786.87 
324      0.65     10.29    113.44   -461.68  -93.16   -351.71  0.00     0.00     0.00     -22.58   -0.00    0.00     1.18     -814.51 
325      0.67     10.53    132.17   -454.74  -90.68   -350.96  0.00     0.00     0.00     -21.51   -0.00    0.00     1.51     -784.21 
326      0.60     10.17    131.45   -452.59  -95.29   -351.88  0.00     0.00     0.00     -21.61   -0.00    0.00     0.55     -789.35 
327      0.61     10.66    133.85   -452.31  -90.87   -351.16  0.00     0.00     0.00     -18.51   -0.00    0.00     1.14     -777.85 
328      0.61     10.26    121.54   -456.81  -98.69   -355.09  0.00     0.00     0.00     -19.06   -0.00    0.00     1.12     -806.98 
329      0.57     11.10    134.64   -456.69  -90.58   -350.28  0.00     0.00     0.00     -21.48   -0.00    0.00     1.42     -782.97 
330      0.66     10.17    137.80   -455.95  -96.96   -356.46  0.00     0.00     0.00     -20.17   -0.00    0.00     1.50     -790.24 
331      0.65     10.37    127.48   -454.43  -95.00   -352.00  0.00     0.00     0.00     -18.71   -0.00    0.00     0.89     -791.77 
332      0.71     10.11    133.45   -454.09  -94.77   -355.46  0.00     0.00     0.00     -20.68   -0.00    0.00     1.08     -790.47 
333      0.57     10.27    135.36   -455.38  -89.01   -349.93  0.00     0.00     0.00     -20.28   -0.00    0.00     1.02     -778.21 
334      0.55     10.54    126.79   -451.22  -88.75   -353.37  0.00     0.00     0.00     -19.50   -0.00    0.00     1.08     -784.97 
335      0.62     10.24    130.32   -460.43  -95.56   -346.81  0.00     0.00     0.00     -16.74   -0.00    0.00     0.84     -788.38 
336      0.67     10.35    129.49   -460.81  -87.77   -349.49  0.00     0.00     0.00     -20.73   -0.00    0.00     1.42     -787.89 
337      0.66     10.11    131.90   -456.61  -91.91   -350.17  0.00     0.00     0.00     -20.92   -0.00    0.00     0.70     -787.03 
338      0.62     10.71    134.67   -462.05  -87.21   -352.58  0.00     0.00     0.00     -21.43   -0.00    0.00     1.38     -787.23 
339      0.61     10.31    122.13   -458.45  -90.21   -350.78  0.00     0.00     0.00     -22.71   -0.00    0.00     1.28     -798.75 
340      0.62     10.71    138.21   -458.14  -89.51   -354.48  0.00     0.00     0.00     -22.51   -0.00    0.00     1.22     -785.20 
341      0.68     10.20    133.89   -456.40  -95.87   -354.15  0.00     0.00     0.00     -18.84   -0.00    0.00     1.20     -790.17 
342      0.70     10.30    115.70   -451.08  -99.06   -352.79  0.00     0.00     0.00     -18.40   -0.00    0.00     1.10     -804.53 
343      0.62     10.54    128.81   -457.96  -87.99   -352.48  0.00     0.00     0.00     -22.27   -0.00    0.00     1.02     -790.87 
344      0.72     9.99     125.54   -455.58  -90.10   -352.83  0.00     0.00     0.00     -20.75   -0.00    0.00     1.07     -792.66 
345      0.73     10.29    133.08   -454.48  -91.33   -354.98  0.00     0.00     0.00     -21.63   -0.00    0.00     1.22     -788.12 
346      0.58     10.61    122.63   -461.56  -86.93   -350.08  0.00     0.00     0.00     -21.60   0.00     0.00     1.10     -796.43 
347      0.56     10.88    121.88   -460.89  -83.65   -350.47  0.00     0.00     0.00     -22.84   0.00     0.00     1.04     -794.93 
348      0.60     10.18    120.69   -457.39  -94.72   -352.97  0.00     0.00     0.00     -20.81   -0.00    0.00     1.02     -804.18 
349      0.65     10.33    112.18   -452.58  -93.44   -352.57  0.00     0.00     0.00     -20.95   0.00     0.00     0.95     -806.40 
350      0.62     10.58    117.21   -458.23  -87.71   -352.12  0.00     0.00     0.00     -21.49   0.00     0.00     1.27     -801.06 
351      0.58     10.28    113.53   -456.13  -93.14   -348.83  0.00     0.00     0.00     -19.70   -0.00    0.00     0.80     -803.48 
352      0.57     10.44    154.14   -451.25  -89.67   -352.74  0.00     0.00     0.00     -20.50   -0.00    0.00     1.06     -758.96 
353      0.71     10.17    115.85   -457.74  -92.42   -351.41  0.00     0.00     0.00     -20.59   -0.00    0.00     0.44     -805.87 
354      0.64     10.17    123.29   -454.58  -93.19   -348.19  0.00     0.00     0.00     -18.07   -0.00    0.00     1.19     -789.54 
355      0.61     10.00    126.02   -458.28  -97.35   -352.72  0.00     0.00     0.00     -21.52   -0.00    0.00     0.81     -803.04 
356      0.68     10.13    128.42   -459.44  -92.15   -355.37  0.00     0.00     0.00     -20.15   -0.00    0.00     1.14     -797.55 
357      0.63     10.15    140.73   -457.35  -95.91   -346.70  0.00     0.00     0.00     -18.95   -0.00    0.00     1.51     -776.68 
358      0.70     10.43    129.46   -457.96  -95.81   -353.21  0.00     0.00     0.00     -19.68   0.00     0.00     1.61     -795.58 
359      0.62     10.37    131.70   -457.45  -94.19   -355.65  0.00     0.00     0.00     -21.49   -0.00    0.00     0.98     -796.10 
360      0.57     10.55    124.00   -450.80  -85.73   -350.75  0.00     0.00     0.00     -20.42   -0.00    0.00     1.32     -782.38 
361      0.63     10.61    145.50   -456.27  -89.04   -348.91  0.00     0.00     0.00     -23.36   -0.00    0.00     0.97     -771.12 
362      0.67     10.09    140.67   -457.67  -94.28   -347.46  0.00     0.00     0.00     -21.41   -0.00    0.00     0.82     -779.33 
363      0.60     10.51    135.38   -451.86  -88.96   -351.46  0.00     0.00     0.00     -18.86   -0.00    0.00     1.39     -774.38 
364      0.58     10.52    132.16   -456.90  -85.98   -353.88  0.00     0.00     0.00     -21.32   -0.00    0.00     1.24     -784.68 
365      0.66     10.26    127.67   -461.89  -95.96   -351.15  0.00     0.00     0.00     -20.62   -0.00    0.00     0.70     -801.26 
366      0.66     10.19    127.92   -448.94  -92.63   -356.74  0.00     0.00     0.00     -20.82   -0.00    0.00     0.97     -790.23 
367      0.62     9.90     141.43   -455.58  -96.94   -352.85  0.00     0.00     0.00     -20.64   -0.00    0.00     0.70     -783.87 
368      0.50     10.59    137.86   -450.27  -93.44   -353.85  0.00     0.00     0.00     -20.66   -0.00    0.00     0.87     -779.49 
369      0.65     10.53    136.32   -459.81  -88.93   -351.69  0.00     0.00     0.00     -20.04   0.00     0.00     1.11     -783.03 
370      0.62     10.38    120.33   -458.70  -91.64   -354.12  0.00     0.00     0.00     -21.90   -0.00    0.00     0.88     -805.15 
371      0.64     10.30    144.95   -454.12  -92.24   -351.71  0.00     0.00     0.00     -19.20   -0.00    0.00     1.21     -771.12 
372      0.55     10.37    143.76   -461.26  -92.46   -355.24  0.00     0.00     0.00     -20.43   0.00     0.00     1.15     -784.48 
373      0.66     10.23    135.25   -458.11  -93.38   -352.77  0.00     0.00     0.00     -22.72   -0.00    0.00     1.18     -790.55 
374      0.71     10.20    128.85   -457.84  -98.98   -352.21  0.00     0.00     0.00     -18.82   0.00     0.00     1.00     -798.00 
375      0.68     10.22    135.54   -453.03  -90.33   -347.11  0.00     0.00     0.00     -19.61   -0.00    0.00     0.95     -773.59 
376      0.65     10.14    121.76   -456.54  -99.23   -349.32  0.00     0.00     0.00     -21.01   -0.00    0.00     0.83     -803.51 
377      0.66     10.33    131.39   -462.47  -91.82   -351.14  0.00     0.00     0.00     -21.00   -0.00    0.00     1.01     -794.03 
378      0.68     10.17    128.19   -460.79  -94.98   -351.10  0.00     0.00     0.00     -18.55   -0.00    0.00     0.87     -796.36 
379      0.65     10.40    139.61   -454.54  -96.06   -353.51  0.00     0.00     0.00     -19.21   -0.00    0.00     1.53     -782.19 
380      0.60     10.23    126.12   -458.46  -92.63   -352.73  0.00     0.00     0.00     -18.87   -0.00    0.00     0.78     -795.79 
381      0.62     10.47    130.09   -458.71  -92.96   -352.57  0.00     0.00     0.00     -20.90   -0.00    0.00     1.19     -793.85 
382      0.65     10.28    144.71   -457.21  -84.66   -352.65  0.00     0.00     0.00     -21.65   -0.00    0.00     0.99     -770.47 
383      0.69     10.50    136.95   -461.64  -85.70   -353.97  0.00     0.00     0.00     -20.65   -0.00    0.00     0.49     -784.51 
384      0.66     10.49    128.44   -447.74  -89.01   -354.38  0.00     0.00     0.00     -18.31   -0.00    0.00     1.08     -779.93 
385      0.62     10.16    135.60   -462.90  -91.04   -352.88  0.00     0.00     0.00     -21.51   -0.00    0.00     0.99     -791.74 
386      0.53     10.19    122.71   -446.20  -92.83   -354.33  0.00     0.00     0.00     -20.41   -0.00    0.00     0.95     -790.12 
387      0.66     10.43    130.59   -460.15  -87.96   -354.12  0.00     0.00     0.00     -20.24   -0.00    0.00     1.22     -790.65 
388      0.64     10.07    125.64   -458.14  -96.02   -352.58  0.00     0.00     0.00     -20.17   -0.00    0.00     0.99     -800.28 
389      0.69     10.22    126.03   -457.21  -92.13   -353.33  0.00     0.00     0.00     -20.42   -0.00    0.00     1.04     -796.01 
390      0.66     10.34    137.55   -452.65  -93.33   -352.66  0.00     0.00     0.00     -19.24   -0.00    0.00     1.48     -778.84 
391      0.70     10.13    126.71   -465.28  -93.48   -354.01  0.00     0.00     0.00     -19.48   0.00     0.00     1.29     -804.25 
392      0.62     10.54    124.19   -455.79  -97.28   -350.42  0.00     0.00     0.00     -20.84   -0.00    0.00     1.04     -799.10 
393      0.64     10.35    147.19   -464.54  -95.45   -355.31  0.00     0.00     0.00     -20.41   -0.00    0.00     1.46     -787.06 
394      0.66     10.16    122.23   -460.53  -93.68   -352.88  0.00     0.00     0.00     -22.89   -0.00    0.00     0.57     -807.17 
395      0.62     10.58    121.78   -454.13  -90.20   -352.16  0.00     0.00     0.00     -22.37   -0.00    0.00     1.32     -795.76 
396      0.68     10.12    123.72   -455.85  -95.06   -353.98  0.00     0.00     0.00     -20.29   0.00     0.00     0.98     -800.48 
397      0.57     10.94    123.34   -455.92  -89.74   -350.94  0.00     0.00     0.00     -20.32   -0.00    0.00     1.29     -792.29 
398      0.64     10.42    132.83   -456.12  -91.93   -355.66  0.00     0.00     0.00     -20.28   -0.00    0.00     1.25     -789.91 
399      0.73     10.17    143.86   -460.24  -94.61   -352.99  0.00     0.00     0.00     -21.06   -0.00    0.00     0.63     -784.40 
400      0.63     10.23    124.74   -454.26  -94.31   -351.77  0.00     0.00     0.00     -18.56   -0.00    0.00     1.50     -792.66 
401      0.58     10.03    122.27   -455.84  -97.15   -354.81  0.00     0.00     0.00     -20.85   -0.00    0.00     0.81     -805.56 
