Steps    Q        Rg       Backbone Rama     Contact  Fragment Membrane ER       TBM_Q    Beta     Pap      Helical  Debye_huckel Total   
0        1.00     10.06    80.42    -357.54  -74.08   -363.62  0.00     0.00     0.00     -23.45   0.00     0.00     0.74     -737.53 
1        0.96     10.09    4.42     -441.56  -87.60   -363.93  0.00     0.00     0.00     -24.63   -0.00    0.00     0.98     -912.33 
2        0.60     10.52    134.84   -452.01  -91.63   -355.47  0.00     0.00     0.00     -21.45   -0.00    0.00     1.33     -784.41 
3        0.64     10.48    143.07   -452.88  -99.66   -351.55  0.00     0.00     0.00     -20.44   -0.00    0.00     0.97     -780.49 
4        0.60     10.76    129.11   -455.74  -86.55   -353.12  0.00     0.00     0.00     -18.80   -0.00    0.00     1.36     -783.74 
5        0.63     10.28    120.89   -454.37  -95.70   -352.87  0.00     0.00     0.00     -20.58   -0.00    0.00     1.19     -801.45 
6        0.56     10.55    145.57   -455.71  -92.18   -353.37  0.00     0.00     0.00     -20.39   -0.00    0.00     1.33     -774.75 
7        0.59     10.46    131.82   -451.17  -88.08   -350.75  0.00     0.00     0.00     -21.40   0.00     0.00     1.29     -778.29 
8        0.67     10.49    135.40   -459.76  -89.64   -352.56  0.00     0.00     0.00     -20.85   0.00     0.00     1.30     -786.11 
9        0.60     10.52    135.85   -455.95  -93.69   -353.10  0.00     0.00     0.00     -20.16   0.00     0.00     0.87     -786.17 
10       0.63     10.25    119.01   -460.60  -90.57   -353.02  0.00     0.00     0.00     -21.41   0.00     0.00     1.18     -805.41 
11       0.61     10.43    144.22   -458.94  -92.73   -353.58  0.00     0.00     0.00     -18.49   -0.00    0.00     1.46     -778.07 
12       0.58     10.32    124.70   -454.45  -87.49   -349.59  0.00     0.00     0.00     -21.74   0.00     0.00     1.10     -787.48 
13       0.63     10.08    124.87   -459.18  -97.18   -349.76  0.00     0.00     0.00     -22.42   -0.00    0.00     1.11     -802.56 
14       0.61     10.08    147.58   -457.35  -97.04   -349.49  0.00     0.00     0.00     -19.29   0.00     0.00     1.14     -774.46 
15       0.68     10.42    125.09   -458.30  -90.79   -354.41  0.00     0.00     0.00     -20.53   0.00     0.00     1.50     -797.44 
16       0.63     10.58    127.63   -456.66  -88.91   -347.19  0.00     0.00     0.00     -20.14   0.00     0.00     1.25     -784.03 
17       0.66     10.58    124.99   -456.36  -83.88   -352.53  0.00     0.00     0.00     -19.65   0.00     0.00     1.40     -786.01 
18       0.63     10.51    139.72   -457.11  -90.93   -351.44  0.00     0.00     0.00     -22.04   0.00     0.00     0.92     -780.88 
19       0.58     10.58    122.57   -454.02  -83.08   -351.55  0.00     0.00     0.00     -20.06   -0.00    0.00     1.46     -784.68 
20       0.66     10.54    135.96   -455.17  -94.79   -348.93  0.00     0.00     0.00     -21.05   0.00     0.00     1.08     -782.90 
21       0.67     10.44    118.98   -458.43  -92.66   -351.81  0.00     0.00     0.00     -19.71   0.00     0.00     1.44     -802.20 
22       0.57     10.22    138.27   -449.41  -94.28   -347.33  0.00     0.00     0.00     -21.53   -0.00    0.00     1.84     -772.43 
23       0.71     10.39    129.67   -450.44  -88.44   -351.72  0.00     0.00     0.00     -20.01   0.00     0.00     1.46     -779.47 
24       0.69     10.41    132.92   -460.24  -90.15   -352.06  0.00     0.00     0.00     -18.60   -0.00    0.00     1.20     -786.95 
25       0.75     9.90     127.26   -457.33  -94.66   -352.08  0.00     0.00     0.00     -20.92   0.00     0.00     0.69     -797.05 
26       0.66     10.35    112.95   -452.75  -91.08   -355.92  0.00     0.00     0.00     -21.21   -0.00    0.00     1.33     -806.68 
27       0.69     10.59    125.20   -454.07  -91.87   -353.22  0.00     0.00     0.00     -20.80   0.00     0.00     1.81     -792.96 
28       0.65     10.14    115.45   -451.16  -96.11   -350.81  0.00     0.00     0.00     -18.90   -0.00    0.00     1.17     -800.36 
29       0.61     10.38    137.15   -459.93  -92.98   -347.10  0.00     0.00     0.00     -18.68   -0.00    0.00     1.23     -780.30 
30       0.67     10.08    115.06   -447.86  -91.00   -354.80  0.00     0.00     0.00     -23.64   -0.00    0.00     1.00     -801.24 
31       0.62     10.65    130.95   -455.64  -91.94   -347.63  0.00     0.00     0.00     -21.41   0.00     0.00     1.10     -784.57 
32       0.61     10.54    125.68   -462.23  -92.48   -353.28  0.00     0.00     0.00     -19.75   -0.00    0.00     1.15     -800.91 
33       0.56     10.88    134.92   -454.88  -85.73   -352.23  0.00     0.00     0.00     -19.60   -0.00    0.00     1.25     -776.28 
34       0.67     10.34    138.67   -458.01  -91.73   -350.88  0.00     0.00     0.00     -22.40   -0.00    0.00     0.97     -783.39 
35       0.64     9.93     131.12   -452.22  -99.75   -351.00  0.00     0.00     0.00     -20.66   -0.00    0.00     1.21     -791.31 
36       0.64     10.25    127.49   -457.34  -94.89   -356.59  0.00     0.00     0.00     -19.72   -0.00    0.00     0.86     -800.19 
37       0.71     10.06    126.21   -457.18  -98.44   -352.31  0.00     0.00     0.00     -20.60   -0.00    0.00     1.05     -801.27 
38       0.66     10.36    147.26   -462.66  -90.98   -353.72  0.00     0.00     0.00     -19.61   -0.00    0.00     1.03     -778.67 
39       0.64     10.24    142.22   -461.48  -91.24   -353.57  0.00     0.00     0.00     -20.66   -0.00    0.00     0.86     -783.88 
40       0.62     10.15    128.58   -451.71  -94.97   -348.05  0.00     0.00     0.00     -19.17   -0.00    0.00     0.70     -784.62 
41       0.67     10.36    138.11   -458.38  -98.79   -351.25  0.00     0.00     0.00     -19.11   -0.00    0.00     0.73     -788.70 
42       0.65     10.33    122.45   -458.81  -97.32   -351.82  0.00     0.00     0.00     -20.14   -0.00    0.00     0.89     -804.74 
43       0.62     9.90     129.09   -450.14  -98.49   -351.85  0.00     0.00     0.00     -20.17   -0.00    0.00     0.89     -790.66 
44       0.60     10.34    138.56   -450.12  -88.28   -353.17  0.00     0.00     0.00     -18.51   -0.00    0.00     1.15     -770.37 
45       0.59     10.37    127.98   -458.40  -92.70   -353.07  0.00     0.00     0.00     -21.08   -0.00    0.00     1.18     -796.09 
46       0.56     10.70    129.35   -459.28  -88.76   -350.80  0.00     0.00     0.00     -20.34   -0.00    0.00     1.44     -788.39 
47       0.58     10.48    138.62   -453.94  -87.45   -352.05  0.00     0.00     0.00     -21.29   -0.00    0.00     1.19     -774.92 
48       0.57     10.30    131.21   -448.32  -88.25   -353.05  0.00     0.00     0.00     -22.44   -0.00    0.00     1.20     -779.64 
49       0.63     10.16    129.48   -463.20  -95.56   -351.78  0.00     0.00     0.00     -20.71   -0.00    0.00     0.98     -800.79 
50       0.76     10.17    127.67   -458.78  -93.74   -352.41  0.00     0.00     0.00     -23.05   0.00     0.00     0.23     -800.08 
51       0.57     10.95    119.70   -463.77  -89.29   -348.91  0.00     0.00     0.00     -19.25   0.00     0.00     1.41     -800.10 
52       0.64     10.18    152.38   -452.48  -90.83   -356.51  0.00     0.00     0.00     -20.44   -0.00    0.00     1.07     -766.81 
53       0.59     10.35    146.70   -453.23  -91.44   -355.28  0.00     0.00     0.00     -21.26   0.00     0.00     1.08     -773.43 
54       0.59     10.39    134.70   -458.47  -92.23   -355.44  0.00     0.00     0.00     -21.20   -0.00    0.00     0.99     -791.65 
55       0.68     10.18    142.36   -457.83  -94.68   -353.54  0.00     0.00     0.00     -20.19   -0.00    0.00     0.93     -782.95 
56       0.66     10.13    127.91   -450.74  -96.49   -351.39  0.00     0.00     0.00     -21.69   -0.00    0.00     0.73     -791.67 
57       0.66     10.36    122.97   -452.37  -98.43   -350.04  0.00     0.00     0.00     -17.93   -0.00    0.00     0.83     -794.97 
58       0.58     10.73    133.36   -456.39  -86.46   -352.05  0.00     0.00     0.00     -21.99   -0.00    0.00     1.16     -782.38 
59       0.64     10.49    131.75   -456.11  -92.94   -348.83  0.00     0.00     0.00     -18.98   -0.00    0.00     1.35     -783.76 
60       0.63     10.75    133.28   -460.28  -86.89   -355.01  0.00     0.00     0.00     -22.13   0.00     0.00     1.16     -789.87 
61       0.65     10.46    129.15   -452.84  -93.52   -349.83  0.00     0.00     0.00     -21.49   0.00     0.00     0.81     -787.72 
62       0.66     10.66    112.96   -457.71  -84.92   -355.85  0.00     0.00     0.00     -22.64   -0.00    0.00     0.97     -807.19 
63       0.63     10.10    135.24   -462.05  -96.49   -355.26  0.00     0.00     0.00     -21.42   -0.00    0.00     1.34     -798.65 
64       0.70     10.23    129.19   -455.34  -91.72   -352.95  0.00     0.00     0.00     -20.38   -0.00    0.00     1.14     -790.06 
65       0.62     10.38    152.59   -456.63  -88.21   -346.31  0.00     0.00     0.00     -18.64   -0.00    0.00     1.28     -755.91 
66       0.65     9.98     125.03   -459.77  -91.69   -356.90  0.00     0.00     0.00     -20.11   -0.00    0.00     0.79     -802.66 
67       0.57     10.71    131.60   -464.48  -87.52   -352.07  0.00     0.00     0.00     -20.95   -0.00    0.00     1.16     -792.25 
68       0.66     10.37    125.81   -460.76  -96.44   -349.84  0.00     0.00     0.00     -18.69   -0.00    0.00     1.22     -798.70 
69       0.64     10.29    139.17   -458.29  -103.12  -349.59  0.00     0.00     0.00     -19.22   -0.00    0.00     0.95     -790.10 
70       0.65     10.25    119.34   -452.36  -93.85   -351.30  0.00     0.00     0.00     -22.23   -0.00    0.00     0.89     -799.52 
71       0.63     10.45    129.51   -463.22  -95.52   -349.49  0.00     0.00     0.00     -20.27   -0.00    0.00     1.09     -797.92 
72       0.65     10.26    128.67   -453.29  -96.65   -350.86  0.00     0.00     0.00     -18.80   -0.00    0.00     0.80     -790.13 
73       0.67     10.25    138.68   -447.88  -94.92   -350.37  0.00     0.00     0.00     -20.87   -0.00    0.00     0.94     -774.43 
74       0.64     10.00    134.80   -458.57  -89.33   -350.76  0.00     0.00     0.00     -20.83   -0.00    0.00     0.77     -783.92 
75       0.62     10.16    134.01   -459.13  -86.25   -350.97  0.00     0.00     0.00     -19.97   -0.00    0.00     1.04     -781.28 
76       0.73     10.06    117.62   -458.74  -95.99   -349.95  0.00     0.00     0.00     -21.91   -0.00    0.00     0.72     -808.25 
77       0.68     10.44    116.17   -465.37  -91.78   -353.26  0.00     0.00     0.00     -20.87   -0.00    0.00     0.63     -814.47 
78       0.63     10.38    128.28   -451.33  -87.63   -353.86  0.00     0.00     0.00     -22.31   -0.00    0.00     0.90     -785.95 
79       0.63     10.35    122.48   -450.66  -91.57   -351.36  0.00     0.00     0.00     -17.71   -0.00    0.00     0.81     -788.01 
80       0.60     10.50    131.12   -460.75  -95.28   -352.20  0.00     0.00     0.00     -18.50   -0.00    0.00     0.89     -794.72 
81       0.63     10.48    128.37   -458.43  -90.86   -352.89  0.00     0.00     0.00     -19.86   -0.00    0.00     1.23     -792.44 
82       0.53     10.42    139.08   -457.37  -90.19   -352.47  0.00     0.00     0.00     -19.72   -0.00    0.00     1.07     -779.60 
83       0.68     10.16    130.65   -455.76  -96.24   -350.96  0.00     0.00     0.00     -18.84   -0.00    0.00     1.15     -790.00 
84       0.58     10.21    136.70   -456.79  -96.61   -352.70  0.00     0.00     0.00     -19.95   -0.00    0.00     0.96     -788.39 
85       0.63     10.34    117.57   -447.99  -89.15   -351.89  0.00     0.00     0.00     -20.56   -0.00    0.00     1.05     -790.99 
86       0.61     10.55    121.30   -456.58  -87.78   -353.85  0.00     0.00     0.00     -19.40   -0.00    0.00     1.20     -795.11 
87       0.63     10.15    125.71   -456.49  -96.65   -349.71  0.00     0.00     0.00     -18.48   -0.00    0.00     0.79     -794.83 
88       0.68     10.25    124.45   -452.40  -92.56   -352.89  0.00     0.00     0.00     -19.74   -0.00    0.00     1.19     -791.93 
89       0.63     10.07    149.97   -455.41  -96.33   -351.93  0.00     0.00     0.00     -21.72   -0.00    0.00     1.06     -774.35 
90       0.58     10.08    137.93   -452.01  -98.49   -350.94  0.00     0.00     0.00     -21.89   -0.00    0.00     0.86     -784.55 
91       0.67     10.21    126.88   -448.46  -97.47   -352.61  0.00     0.00     0.00     -20.81   -0.00    0.00     0.78     -791.70 
92       0.59     10.81    138.19   -451.82  -92.90   -348.59  0.00     0.00     0.00     -19.97   0.00     0.00     0.69     -774.41 
93       0.67     10.16    116.70   -461.13  -97.97   -347.63  0.00     0.00     0.00     -17.72   -0.00    0.00     0.75     -807.01 
94       0.58     10.39    134.45   -458.91  -86.46   -354.59  0.00     0.00     0.00     -21.85   -0.00    0.00     1.22     -786.14 
95       0.50     11.34    149.81   -460.87  -81.35   -348.44  0.00     0.00     0.00     -20.39   0.00     0.00     1.66     -759.59 
96       0.60     10.47    145.73   -460.19  -88.91   -346.73  0.00     0.00     0.00     -20.11   0.00     0.00     0.84     -769.38 
97       0.71     9.85     135.79   -461.51  -94.38   -353.07  0.00     0.00     0.00     -22.12   -0.00    0.00     0.91     -794.37 
98       0.68     10.46    114.36   -453.49  -92.01   -351.17  0.00     0.00     0.00     -18.73   -0.00    0.00     1.40     -799.64 
99       0.60     10.33    143.50   -449.14  -92.05   -351.90  0.00     0.00     0.00     -20.25   -0.00    0.00     1.04     -768.79 
100      0.58     10.71    130.47   -459.35  -91.44   -349.52  0.00     0.00     0.00     -19.31   -0.00    0.00     1.69     -787.46 
101      0.65     10.10    139.22   -453.61  -100.51  -351.54  0.00     0.00     0.00     -21.45   -0.00    0.00     1.25     -786.64 
102      0.62     9.95     115.05   -458.41  -94.09   -351.20  0.00     0.00     0.00     -19.29   -0.00    0.00     0.94     -807.00 
103      0.63     9.94     132.69   -460.27  -95.83   -350.02  0.00     0.00     0.00     -21.93   -0.00    0.00     0.83     -794.55 
104      0.59     10.08    129.22   -459.51  -96.03   -354.17  0.00     0.00     0.00     -20.25   -0.00    0.00     1.01     -799.73 
105      0.57     11.07    124.90   -458.22  -82.76   -355.05  0.00     0.00     0.00     -23.27   -0.00    0.00     1.40     -793.00 
106      0.61     10.86    129.44   -455.38  -86.40   -351.20  0.00     0.00     0.00     -21.46   -0.00    0.00     1.45     -783.55 
107      0.64     10.16    137.46   -458.91  -90.78   -352.19  0.00     0.00     0.00     -20.07   -0.00    0.00     0.96     -783.54 
108      0.62     10.23    130.40   -447.91  -86.02   -349.79  0.00     0.00     0.00     -19.95   -0.00    0.00     0.42     -772.84 
109      0.60     10.43    145.07   -457.33  -89.21   -352.14  0.00     0.00     0.00     -20.13   -0.00    0.00     1.15     -772.58 
110      0.63     10.57    119.07   -460.78  -85.55   -355.05  0.00     0.00     0.00     -22.18   -0.00    0.00     1.27     -803.20 
111      0.61     10.26    129.00   -457.81  -93.18   -352.42  0.00     0.00     0.00     -18.63   -0.00    0.00     0.99     -792.05 
112      0.57     10.52    145.54   -461.13  -87.27   -352.25  0.00     0.00     0.00     -19.38   -0.00    0.00     1.22     -773.27 
113      0.57     10.56    153.57   -449.99  -84.53   -352.27  0.00     0.00     0.00     -20.53   0.00     0.00     1.28     -752.46 
114      0.67     10.04    121.30   -453.53  -95.79   -354.62  0.00     0.00     0.00     -21.87   -0.00    0.00     0.91     -803.61 
115      0.61     9.96     125.08   -460.02  -99.16   -352.24  0.00     0.00     0.00     -19.74   -0.00    0.00     0.98     -805.09 
116      0.65     10.32    120.17   -453.99  -93.04   -353.44  0.00     0.00     0.00     -19.35   -0.00    0.00     0.79     -798.85 
117      0.69     10.38    116.44   -446.73  -93.73   -348.49  0.00     0.00     0.00     -19.23   -0.00    0.00     1.06     -790.69 
118      0.64     10.31    122.16   -453.95  -91.26   -355.71  0.00     0.00     0.00     -22.11   0.00     0.00     1.04     -799.83 
119      0.63     10.23    119.33   -459.79  -96.02   -351.85  0.00     0.00     0.00     -20.40   -0.00    0.00     0.98     -807.75 
120      0.62     10.27    124.68   -452.48  -96.33   -351.95  0.00     0.00     0.00     -20.17   -0.00    0.00     0.95     -795.29 
121      0.65     10.18    137.68   -452.50  -91.55   -350.05  0.00     0.00     0.00     -19.06   -0.00    0.00     0.59     -774.89 
122      0.61     10.81    112.07   -451.85  -83.69   -355.70  0.00     0.00     0.00     -21.38   -0.00    0.00     1.12     -799.43 
123      0.53     10.43    132.63   -451.30  -95.28   -350.22  0.00     0.00     0.00     -17.81   0.00     0.00     1.11     -780.88 
124      0.61     9.96     122.30   -458.84  -98.19   -354.83  0.00     0.00     0.00     -20.21   -0.00    0.00     0.46     -809.32 
125      0.63     10.23    126.22   -452.89  -87.40   -349.18  0.00     0.00     0.00     -20.32   0.00     0.00     1.26     -782.30 
126      0.68     9.84     113.85   -460.42  -94.33   -351.99  0.00     0.00     0.00     -19.53   0.00     0.00     0.60     -811.84 
127      0.71     10.04    115.39   -453.15  -97.80   -348.61  0.00     0.00     0.00     -17.99   -0.00    0.00     1.02     -801.15 
128      0.63     10.04    126.18   -450.30  -94.57   -352.47  0.00     0.00     0.00     -21.05   -0.00    0.00     0.89     -791.32 
129      0.62     10.45    138.36   -458.05  -96.31   -352.60  0.00     0.00     0.00     -20.58   -0.00    0.00     1.24     -787.94 
130      0.62     10.34    132.55   -448.94  -95.66   -351.04  0.00     0.00     0.00     -21.25   -0.00    0.00     1.33     -783.02 
131      0.59     9.90     126.09   -460.00  -100.84  -351.13  0.00     0.00     0.00     -21.37   -0.00    0.00     1.36     -805.89 
132      0.66     10.25    142.00   -454.55  -94.03   -349.52  0.00     0.00     0.00     -19.25   -0.00    0.00     0.46     -774.89 
133      0.62     10.13    131.00   -456.35  -96.97   -354.94  0.00     0.00     0.00     -21.15   -0.00    0.00     1.03     -797.38 
134      0.64     10.48    116.08   -446.43  -91.32   -351.82  0.00     0.00     0.00     -21.99   0.00     0.00     0.97     -794.50 
135      0.69     9.99     124.48   -456.57  -95.45   -352.39  0.00     0.00     0.00     -18.70   -0.00    0.00     1.17     -797.46 
136      0.56     10.50    116.76   -454.83  -94.54   -347.88  0.00     0.00     0.00     -18.69   -0.00    0.00     0.83     -798.35 
137      0.56     10.78    134.43   -458.01  -86.34   -350.40  0.00     0.00     0.00     -19.69   -0.00    0.00     1.56     -778.46 
138      0.64     10.20    135.73   -459.89  -89.57   -352.68  0.00     0.00     0.00     -20.54   -0.00    0.00     1.20     -785.74 
139      0.71     10.17    127.97   -458.79  -90.34   -353.93  0.00     0.00     0.00     -18.42   -0.00    0.00     0.85     -792.67 
140      0.62     10.14    120.06   -460.87  -92.40   -355.54  0.00     0.00     0.00     -22.19   -0.00    0.00     1.03     -809.93 
141      0.60     10.33    137.63   -450.73  -87.86   -351.29  0.00     0.00     0.00     -20.91   -0.00    0.00     0.90     -772.25 
142      0.68     10.31    126.53   -456.22  -94.14   -350.91  0.00     0.00     0.00     -20.24   -0.00    0.00     0.99     -793.99 
143      0.68     10.11    137.72   -449.77  -95.82   -351.88  0.00     0.00     0.00     -19.63   -0.00    0.00     0.98     -778.40 
144      0.66     10.33    121.04   -454.83  -93.17   -351.81  0.00     0.00     0.00     -19.05   -0.00    0.00     0.94     -796.89 
145      0.65     10.26    106.91   -458.21  -92.05   -347.69  0.00     0.00     0.00     -21.09   -0.00    0.00     1.21     -810.92 
146      0.72     10.12    135.88   -457.77  -90.57   -344.75  0.00     0.00     0.00     -20.03   -0.00    0.00     0.48     -776.76 
147      0.69     10.16    132.96   -458.54  -97.15   -354.85  0.00     0.00     0.00     -21.87   -0.00    0.00     1.03     -798.40 
148      0.67     10.38    116.86   -459.49  -86.16   -356.63  0.00     0.00     0.00     -21.53   -0.00    0.00     1.02     -805.93 
149      0.61     10.44    131.98   -458.29  -83.99   -351.49  0.00     0.00     0.00     -17.87   0.00     0.00     1.01     -778.64 
150      0.57     10.26    120.43   -441.30  -93.15   -352.21  0.00     0.00     0.00     -21.45   -0.00    0.00     0.98     -786.70 
151      0.66     10.39    143.20   -456.81  -91.27   -352.89  0.00     0.00     0.00     -21.82   -0.00    0.00     0.73     -778.86 
152      0.66     10.44    126.93   -458.30  -95.71   -350.17  0.00     0.00     0.00     -20.53   0.00     0.00     0.71     -797.08 
153      0.68     10.11    127.50   -458.69  -92.66   -353.50  0.00     0.00     0.00     -19.55   -0.00    0.00     0.47     -796.43 
154      0.69     10.38    136.61   -459.77  -95.42   -354.86  0.00     0.00     0.00     -21.51   -0.00    0.00     0.67     -794.28 
155      0.58     10.87    136.11   -459.92  -86.47   -351.33  0.00     0.00     0.00     -22.31   -0.00    0.00     1.24     -782.68 
156      0.67     10.33    127.09   -460.06  -92.53   -354.27  0.00     0.00     0.00     -20.81   0.00     0.00     1.03     -799.56 
157      0.66     10.17    131.95   -462.03  -94.10   -352.18  0.00     0.00     0.00     -19.75   -0.00    0.00     1.06     -795.05 
158      0.57     10.50    121.38   -450.72  -92.59   -352.06  0.00     0.00     0.00     -21.19   -0.00    0.00     1.20     -793.97 
159      0.59     10.38    132.16   -452.89  -91.06   -347.06  0.00     0.00     0.00     -18.83   -0.00    0.00     1.02     -776.66 
160      0.66     10.21    131.39   -459.46  -96.96   -353.52  0.00     0.00     0.00     -19.90   -0.00    0.00     1.23     -797.22 
161      0.58     10.04    141.33   -453.03  -100.64  -351.14  0.00     0.00     0.00     -19.66   -0.00    0.00     0.85     -782.30 
162      0.61     10.33    125.09   -456.01  -96.38   -349.06  0.00     0.00     0.00     -20.12   -0.00    0.00     1.11     -795.37 
163      0.68     10.28    128.54   -459.39  -98.73   -351.67  0.00     0.00     0.00     -18.96   -0.00    0.00     1.35     -798.87 
164      0.66     10.07    136.37   -448.90  -99.20   -350.40  0.00     0.00     0.00     -21.30   0.00     0.00     1.11     -782.31 
165      0.69     10.24    132.97   -456.65  -96.57   -350.70  0.00     0.00     0.00     -19.80   -0.00    0.00     1.03     -789.72 
166      0.63     10.26    142.49   -453.88  -93.05   -357.67  0.00     0.00     0.00     -18.39   -0.00    0.00     0.84     -779.66 
167      0.58     10.35    128.84   -456.59  -93.63   -348.87  0.00     0.00     0.00     -19.25   -0.00    0.00     1.07     -788.44 
168      0.63     10.05    125.67   -457.60  -93.97   -351.10  0.00     0.00     0.00     -21.70   -0.00    0.00     0.86     -797.85 
169      0.69     10.13    142.23   -457.35  -87.72   -352.46  0.00     0.00     0.00     -19.36   -0.00    0.00     0.62     -774.03 
170      0.59     10.25    147.45   -455.37  -92.72   -350.09  0.00     0.00     0.00     -21.22   -0.00    0.00     1.17     -770.78 
171      0.66     10.27    133.95   -460.98  -93.47   -351.87  0.00     0.00     0.00     -20.62   -0.00    0.00     1.01     -791.98 
172      0.65     10.54    137.03   -460.17  -91.46   -353.06  0.00     0.00     0.00     -19.32   -0.00    0.00     1.58     -785.41 
173      0.58     10.14    122.96   -456.32  -98.01   -350.26  0.00     0.00     0.00     -19.92   -0.00    0.00     1.10     -800.45 
174      0.70     10.25    124.34   -453.91  -101.02  -353.12  0.00     0.00     0.00     -20.67   -0.00    0.00     1.43     -802.95 
175      0.70     10.27    127.02   -456.70  -90.86   -353.13  0.00     0.00     0.00     -21.06   -0.00    0.00     0.93     -793.79 
176      0.65     10.51    117.27   -460.52  -92.89   -350.48  0.00     0.00     0.00     -20.28   -0.00    0.00     1.00     -805.90 
177      0.63     10.21    134.64   -455.76  -95.38   -351.35  0.00     0.00     0.00     -20.84   -0.00    0.00     1.05     -787.64 
178      0.62     10.59    133.61   -453.50  -96.27   -350.70  0.00     0.00     0.00     -21.20   0.00     0.00     0.91     -787.15 
179      0.62     10.04    123.70   -455.56  -100.79  -350.51  0.00     0.00     0.00     -19.98   -0.00    0.00     0.84     -802.29 
180      0.72     10.10    132.88   -458.57  -96.88   -351.94  0.00     0.00     0.00     -21.03   -0.00    0.00     0.87     -794.66 
181      0.65     10.35    139.70   -461.06  -94.14   -351.94  0.00     0.00     0.00     -20.38   -0.00    0.00     1.03     -786.79 
182      0.66     10.32    120.13   -455.32  -89.89   -352.01  0.00     0.00     0.00     -21.32   -0.00    0.00     1.06     -797.35 
183      0.72     10.32    123.80   -451.09  -91.37   -353.52  0.00     0.00     0.00     -20.76   0.00     0.00     0.89     -792.05 
184      0.58     10.31    136.16   -447.06  -91.38   -351.30  0.00     0.00     0.00     -19.20   -0.00    0.00     1.25     -771.53 
185      0.68     10.16    125.76   -463.31  -92.59   -352.59  0.00     0.00     0.00     -23.29   -0.00    0.00     1.13     -804.90 
186      0.63     10.18    135.50   -451.94  -102.20  -351.50  0.00     0.00     0.00     -21.03   -0.00    0.00     0.75     -790.43 
187      0.65     10.20    125.80   -453.55  -98.08   -355.08  0.00     0.00     0.00     -20.69   -0.00    0.00     0.57     -801.02 
188      0.67     10.04    122.38   -455.01  -88.59   -348.15  0.00     0.00     0.00     -19.98   -0.00    0.00     0.91     -788.43 
189      0.64     10.31    116.07   -451.59  -93.35   -349.28  0.00     0.00     0.00     -19.23   -0.00    0.00     1.39     -795.98 
190      0.68     10.22    132.73   -451.84  -92.33   -348.17  0.00     0.00     0.00     -20.50   0.00     0.00     1.11     -778.99 
191      0.67     10.24    122.44   -455.17  -90.15   -349.79  0.00     0.00     0.00     -18.54   -0.00    0.00     1.25     -789.97 
192      0.67     10.35    124.73   -458.91  -94.49   -353.92  0.00     0.00     0.00     -19.71   0.00     0.00     1.16     -801.14 
193      0.70     10.31    109.71   -463.45  -90.77   -353.94  0.00     0.00     0.00     -19.59   -0.00    0.00     1.33     -816.71 
194      0.68     10.48    138.93   -447.26  -93.43   -351.92  0.00     0.00     0.00     -21.07   0.00     0.00     1.42     -773.32 
195      0.66     10.44    129.17   -457.10  -93.93   -356.05  0.00     0.00     0.00     -20.44   0.00     0.00     1.07     -797.28 
196      0.64     10.64    121.53   -459.18  -90.70   -349.79  0.00     0.00     0.00     -19.55   -0.00    0.00     1.52     -796.17 
197      0.69     10.20    137.65   -452.54  -92.00   -350.42  0.00     0.00     0.00     -21.09   0.00     0.00     0.91     -777.51 
198      0.68     10.39    138.71   -455.48  -91.22   -351.12  0.00     0.00     0.00     -20.25   -0.00    0.00     1.07     -778.29 
199      0.69     10.15    124.51   -459.56  -89.45   -352.40  0.00     0.00     0.00     -20.18   -0.00    0.00     1.18     -795.89 
200      0.56     10.88    134.37   -453.53  -88.91   -352.83  0.00     0.00     0.00     -21.18   -0.00    0.00     0.65     -781.42 
201      0.65     10.54    125.64   -454.38  -91.07   -352.91  0.00     0.00     0.00     -20.32   -0.00    0.00     0.98     -792.07 
202      0.51     10.73    129.73   -454.10  -85.86   -355.40  0.00     0.00     0.00     -20.62   -0.00    0.00     0.84     -785.41 
203      0.64     10.34    132.39   -454.75  -90.10   -350.97  0.00     0.00     0.00     -19.49   -0.00    0.00     1.12     -781.79 
204      0.62     10.54    118.86   -458.09  -85.15   -352.56  0.00     0.00     0.00     -21.05   -0.00    0.00     1.15     -796.85 
205      0.69     10.13    132.31   -459.30  -96.63   -352.80  0.00     0.00     0.00     -20.46   0.00     0.00     0.86     -796.01 
206      0.68     10.36    131.16   -459.39  -91.96   -352.05  0.00     0.00     0.00     -20.73   -0.00    0.00     1.22     -791.76 
207      0.67     10.18    137.74   -460.19  -98.21   -352.91  0.00     0.00     0.00     -19.33   -0.00    0.00     0.98     -791.93 
208      0.57     10.85    126.49   -453.95  -84.81   -351.74  0.00     0.00     0.00     -20.08   -0.00    0.00     1.44     -782.65 
209      0.64     10.47    115.97   -455.09  -89.61   -352.89  0.00     0.00     0.00     -22.20   0.00     0.00     1.30     -802.51 
210      0.64     10.31    140.02   -458.59  -94.71   -351.62  0.00     0.00     0.00     -23.35   0.00     0.00     1.21     -787.04 
211      0.71     10.34    138.22   -452.01  -95.53   -354.61  0.00     0.00     0.00     -20.86   0.00     0.00     0.20     -784.59 
212      0.64     10.50    116.60   -467.37  -94.89   -352.95  0.00     0.00     0.00     -20.27   -0.00    0.00     1.33     -817.55 
213      0.65     10.31    133.99   -456.46  -88.88   -353.61  0.00     0.00     0.00     -21.42   0.00     0.00     0.92     -785.47 
214      0.64     10.08    138.88   -462.60  -94.07   -353.43  0.00     0.00     0.00     -20.31   -0.00    0.00     0.91     -790.63 
215      0.73     9.96     134.50   -463.52  -96.62   -353.14  0.00     0.00     0.00     -20.97   -0.00    0.00     0.54     -799.21 
216      0.62     10.84    128.54   -456.66  -87.73   -353.03  0.00     0.00     0.00     -22.46   -0.00    0.00     1.20     -790.16 
217      0.68     10.13    124.07   -454.19  -95.50   -352.62  0.00     0.00     0.00     -21.73   0.00     0.00     1.19     -798.78 
218      0.59     10.08    131.05   -455.93  -94.40   -349.14  0.00     0.00     0.00     -22.46   -0.00    0.00     0.73     -790.15 
219      0.67     10.22    124.29   -458.35  -90.84   -351.87  0.00     0.00     0.00     -20.30   -0.00    0.00     1.04     -796.04 
220      0.52     10.34    118.08   -457.36  -96.27   -349.62  0.00     0.00     0.00     -20.09   -0.00    0.00     1.16     -804.09 
221      0.61     10.20    127.54   -457.50  -91.16   -351.58  0.00     0.00     0.00     -18.57   -0.00    0.00     0.96     -790.30 
222      0.63     10.35    123.19   -461.65  -93.00   -350.14  0.00     0.00     0.00     -20.92   -0.00    0.00     1.02     -801.50 
223      0.68     10.37    121.46   -455.54  -89.14   -352.33  0.00     0.00     0.00     -20.38   -0.00    0.00     1.07     -794.86 
224      0.63     10.30    125.34   -459.63  -93.09   -350.44  0.00     0.00     0.00     -21.35   0.00     0.00     1.02     -798.14 
225      0.66     10.09    122.75   -454.96  -94.41   -353.13  0.00     0.00     0.00     -19.85   -0.00    0.00     0.93     -798.68 
226      0.67     10.38    125.74   -453.46  -92.64   -347.02  0.00     0.00     0.00     -19.50   -0.00    0.00     1.15     -785.73 
227      0.58     10.08    129.86   -460.10  -100.96  -351.07  0.00     0.00     0.00     -19.37   -0.00    0.00     0.99     -800.65 
228      0.65     10.23    134.93   -456.90  -97.34   -354.96  0.00     0.00     0.00     -20.00   -0.00    0.00     1.18     -793.10 
229      0.62     10.74    121.30   -457.83  -91.86   -351.81  0.00     0.00     0.00     -20.61   -0.00    0.00     1.17     -799.64 
230      0.64     10.30    129.30   -459.56  -89.89   -353.43  0.00     0.00     0.00     -19.48   -0.00    0.00     1.38     -791.68 
231      0.59     10.82    130.57   -458.27  -86.85   -352.34  0.00     0.00     0.00     -21.42   -0.00    0.00     1.48     -786.83 
232      0.71     10.00    133.78   -463.45  -96.96   -353.12  0.00     0.00     0.00     -20.41   -0.00    0.00     1.42     -798.73 
233      0.60     10.15    127.28   -459.19  -95.06   -352.98  0.00     0.00     0.00     -19.43   -0.00    0.00     1.31     -798.07 
234      0.60     11.07    111.71   -455.09  -82.82   -352.71  0.00     0.00     0.00     -23.06   0.00     0.00     1.20     -800.78 
235      0.67     10.48    136.16   -454.63  -91.10   -347.41  0.00     0.00     0.00     -19.68   -0.00    0.00     1.19     -775.48 
236      0.64     10.23    117.79   -449.96  -90.55   -350.06  0.00     0.00     0.00     -18.16   -0.00    0.00     0.80     -790.14 
237      0.64     10.65    117.93   -449.56  -87.68   -349.74  0.00     0.00     0.00     -20.47   0.00     0.00     0.85     -788.67 
238      0.59     10.64    124.82   -456.54  -88.62   -352.58  0.00     0.00     0.00     -19.55   -0.00    0.00     0.85     -791.63 
239      0.63     10.55    120.87   -461.75  -85.05   -354.88  0.00     0.00     0.00     -20.32   -0.00    0.00     1.06     -800.08 
240      0.60     10.76    131.20   -459.36  -86.41   -349.62  0.00     0.00     0.00     -21.58   -0.00    0.00     0.99     -784.78 
241      0.61     10.22    135.42   -456.97  -94.25   -350.76  0.00     0.00     0.00     -19.43   -0.00    0.00     1.22     -784.78 
242      0.66     10.58    121.28   -454.69  -88.71   -354.05  0.00     0.00     0.00     -19.56   -0.00    0.00     1.15     -794.57 
243      0.66     10.66    127.97   -456.06  -91.62   -351.16  0.00     0.00     0.00     -19.97   -0.00    0.00     1.09     -789.75 
244      0.58     10.56    122.85   -461.20  -88.69   -349.11  0.00     0.00     0.00     -17.97   0.00     0.00     1.17     -792.96 
245      0.69     10.19    132.54   -455.79  -92.74   -350.86  0.00     0.00     0.00     -20.13   -0.00    0.00     1.02     -785.95 
246      0.65     10.40    128.74   -457.26  -92.73   -351.38  0.00     0.00     0.00     -21.30   -0.00    0.00     1.16     -792.77 
247      0.62     10.29    123.88   -457.95  -96.10   -352.96  0.00     0.00     0.00     -22.49   -0.00    0.00     1.00     -804.62 
248      0.66     10.65    133.40   -460.70  -87.93   -350.15  0.00     0.00     0.00     -19.75   -0.00    0.00     1.34     -783.79 
249      0.62     10.43    129.34   -456.60  -91.70   -352.46  0.00     0.00     0.00     -20.34   -0.00    0.00     0.99     -790.76 
250      0.70     10.08    131.02   -452.79  -94.53   -353.66  0.00     0.00     0.00     -20.43   -0.00    0.00     1.06     -789.33 
251      0.66     10.16    130.93   -454.08  -96.24   -350.45  0.00     0.00     0.00     -19.55   0.00     0.00     0.91     -788.47 
252      0.67     10.17    132.58   -456.95  -94.47   -348.11  0.00     0.00     0.00     -20.56   -0.00    0.00     0.57     -786.94 
253      0.70     10.15    137.91   -461.57  -89.33   -349.41  0.00     0.00     0.00     -21.49   -0.00    0.00     1.20     -782.69 
254      0.70     10.30    139.13   -453.17  -83.58   -351.80  0.00     0.00     0.00     -18.59   -0.00    0.00     1.34     -766.68 
255      0.64     10.56    135.09   -456.82  -89.08   -354.36  0.00     0.00     0.00     -19.43   -0.00    0.00     1.29     -783.31 
256      0.71     10.39    139.55   -460.62  -89.96   -349.18  0.00     0.00     0.00     -19.01   0.00     0.00     0.97     -778.24 
257      0.56     11.10    123.69   -455.93  -82.66   -355.54  0.00     0.00     0.00     -19.43   -0.00    0.00     1.38     -788.49 
258      0.71     10.26    136.18   -457.68  -94.62   -351.40  0.00     0.00     0.00     -19.99   -0.00    0.00     1.15     -786.37 
259      0.61     10.44    131.39   -455.76  -87.37   -349.09  0.00     0.00     0.00     -17.84   -0.00    0.00     0.94     -777.73 
260      0.63     9.98     126.98   -457.99  -95.11   -350.32  0.00     0.00     0.00     -20.62   -0.00    0.00     0.68     -796.38 
261      0.70     10.37    122.30   -459.25  -88.84   -355.24  0.00     0.00     0.00     -20.77   -0.00    0.00     0.93     -800.86 
262      0.62     10.56    138.41   -451.98  -95.89   -353.01  0.00     0.00     0.00     -20.01   -0.00    0.00     1.25     -781.24 
263      0.69     10.13    145.37   -456.35  -91.70   -345.83  0.00     0.00     0.00     -21.22   -0.00    0.00     1.18     -768.55 
264      0.61     10.35    119.19   -458.14  -91.35   -355.53  0.00     0.00     0.00     -22.11   -0.00    0.00     1.16     -806.77 
265      0.60     10.21    134.96   -450.59  -88.43   -352.07  0.00     0.00     0.00     -21.04   -0.00    0.00     0.98     -776.20 
266      0.55     10.78    132.73   -457.27  -81.99   -350.81  0.00     0.00     0.00     -20.44   0.00     0.00     1.50     -776.28 
267      0.67     10.20    146.10   -459.93  -91.03   -355.17  0.00     0.00     0.00     -21.67   -0.00    0.00     1.32     -780.38 
268      0.61     10.39    131.04   -458.12  -88.04   -350.44  0.00     0.00     0.00     -20.81   -0.00    0.00     1.02     -785.35 
269      0.62     10.26    130.50   -455.95  -87.77   -348.84  0.00     0.00     0.00     -19.70   -0.00    0.00     1.00     -780.75 
270      0.62     10.44    133.93   -454.29  -92.08   -355.72  0.00     0.00     0.00     -21.68   -0.00    0.00     0.91     -788.93 
271      0.67     10.37    137.06   -458.66  -91.71   -351.88  0.00     0.00     0.00     -18.04   -0.00    0.00     1.44     -781.80 
272      0.64     10.43    120.72   -456.99  -94.79   -353.26  0.00     0.00     0.00     -18.81   -0.00    0.00     0.91     -802.22 
273      0.70     10.46    126.25   -457.62  -88.51   -354.91  0.00     0.00     0.00     -22.34   -0.00    0.00     1.22     -795.90 
274      0.58     10.74    118.64   -453.17  -88.27   -350.40  0.00     0.00     0.00     -21.40   -0.00    0.00     1.32     -793.28 
275      0.66     10.27    135.91   -451.79  -92.95   -349.12  0.00     0.00     0.00     -17.29   -0.00    0.00     1.20     -774.03 
276      0.71     10.22    141.54   -457.51  -95.91   -349.45  0.00     0.00     0.00     -20.14   -0.00    0.00     0.97     -780.50 
277      0.62     10.19    128.75   -458.58  -90.94   -349.76  0.00     0.00     0.00     -19.42   -0.00    0.00     1.03     -788.91 
278      0.65     10.00    137.52   -461.26  -93.20   -353.00  0.00     0.00     0.00     -19.87   -0.00    0.00     0.59     -789.22 
279      0.61     10.58    121.16   -459.47  -82.59   -349.20  0.00     0.00     0.00     -20.14   -0.00    0.00     1.30     -788.93 
280      0.58     10.80    133.15   -458.44  -93.51   -350.23  0.00     0.00     0.00     -20.19   0.00     0.00     1.37     -787.83 
281      0.71     10.42    139.99   -446.88  -94.02   -353.06  0.00     0.00     0.00     -20.17   0.00     0.00     1.28     -772.86 
282      0.67     10.54    134.60   -445.59  -85.63   -354.75  0.00     0.00     0.00     -18.05   0.00     0.00     1.47     -767.96 
283      0.66     10.04    125.94   -460.25  -98.20   -352.07  0.00     0.00     0.00     -19.95   0.00     0.00     1.07     -803.46 
284      0.69     10.54    126.49   -461.32  -90.52   -351.82  0.00     0.00     0.00     -18.99   -0.00    0.00     1.49     -794.66 
285      0.69     10.08    137.69   -456.70  -94.25   -349.22  0.00     0.00     0.00     -21.91   -0.00    0.00     0.82     -783.56 
286      0.69     10.00    131.70   -461.41  -96.60   -353.16  0.00     0.00     0.00     -19.77   0.00     0.00     1.19     -798.06 
287      0.65     10.44    119.52   -454.36  -93.55   -350.66  0.00     0.00     0.00     -19.12   0.00     0.00     1.42     -796.75 
288      0.66     10.39    146.02   -460.92  -91.44   -351.68  0.00     0.00     0.00     -20.58   0.00     0.00     1.13     -777.47 
289      0.56     10.27    136.84   -448.12  -94.00   -351.25  0.00     0.00     0.00     -20.67   -0.00    0.00     1.33     -775.87 
290      0.61     9.87     130.71   -454.35  -98.15   -352.51  0.00     0.00     0.00     -22.12   -0.00    0.00     1.24     -795.17 
291      0.61     10.34    140.16   -457.58  -89.49   -346.04  0.00     0.00     0.00     -18.85   -0.00    0.00     1.61     -770.19 
292      0.69     10.35    135.69   -459.73  -88.54   -354.28  0.00     0.00     0.00     -22.01   -0.00    0.00     1.61     -787.28 
293      0.68     10.37    126.07   -456.14  -93.85   -355.72  0.00     0.00     0.00     -21.99   -0.00    0.00     1.63     -800.00 
294      0.60     10.23    145.89   -454.13  -91.72   -349.81  0.00     0.00     0.00     -22.26   -0.00    0.00     0.96     -771.07 
295      0.63     10.34    132.63   -459.64  -94.91   -348.36  0.00     0.00     0.00     -19.01   0.00     0.00     1.54     -787.76 
296      0.65     9.99     115.15   -451.97  -95.61   -352.08  0.00     0.00     0.00     -22.76   0.00     0.00     1.14     -806.13 
297      0.61     9.89     119.64   -450.25  -94.49   -349.96  0.00     0.00     0.00     -20.43   0.00     0.00     0.74     -794.75 
298      0.58     10.93    127.82   -462.59  -87.58   -348.97  0.00     0.00     0.00     -18.85   0.00     0.00     1.27     -788.90 
299      0.67     10.24    104.05   -454.53  -98.43   -354.53  0.00     0.00     0.00     -21.26   0.00     0.00     0.85     -823.83 
300      0.62     10.52    114.02   -451.66  -92.71   -354.91  0.00     0.00     0.00     -20.68   -0.00    0.00     1.11     -804.81 
301      0.60     10.42    130.41   -452.71  -89.12   -348.52  0.00     0.00     0.00     -20.89   -0.00    0.00     1.56     -779.27 
302      0.58     10.71    133.37   -457.87  -81.90   -350.75  0.00     0.00     0.00     -19.93   -0.00    0.00     1.61     -775.48 
303      0.70     10.19    131.07   -457.49  -90.58   -354.66  0.00     0.00     0.00     -20.41   -0.00    0.00     0.88     -791.18 
304      0.63     10.31    141.44   -452.88  -89.90   -355.26  0.00     0.00     0.00     -21.24   -0.00    0.00     0.99     -776.85 
305      0.66     10.37    129.30   -457.26  -86.97   -350.98  0.00     0.00     0.00     -20.73   -0.00    0.00     1.25     -785.38 
306      0.68     10.40    150.40   -454.74  -91.64   -348.70  0.00     0.00     0.00     -17.47   -0.00    0.00     1.09     -761.05 
307      0.58     10.36    131.49   -456.06  -90.49   -351.78  0.00     0.00     0.00     -20.40   -0.00    0.00     1.04     -786.20 
308      0.51     10.29    133.20   -462.50  -91.46   -348.72  0.00     0.00     0.00     -19.06   -0.00    0.00     1.19     -787.35 
309      0.62     10.41    129.18   -454.01  -86.44   -349.04  0.00     0.00     0.00     -18.20   0.00     0.00     1.17     -777.35 
310      0.62     10.35    133.10   -451.42  -91.71   -351.10  0.00     0.00     0.00     -19.92   -0.00    0.00     0.86     -780.19 
311      0.67     10.01    139.21   -454.70  -98.46   -352.00  0.00     0.00     0.00     -20.35   -0.00    0.00     0.86     -785.42 
312      0.65     10.37    137.05   -461.10  -90.28   -351.34  0.00     0.00     0.00     -20.03   -0.00    0.00     1.03     -784.67 
313      0.66     10.42    128.96   -458.30  -87.27   -354.66  0.00     0.00     0.00     -22.30   -0.00    0.00     0.96     -792.60 
314      0.61     10.07    150.97   -454.06  -95.09   -351.21  0.00     0.00     0.00     -19.92   -0.00    0.00     0.98     -768.32 
315      0.56     10.91    144.49   -455.07  -88.52   -354.96  0.00     0.00     0.00     -21.69   -0.00    0.00     1.39     -774.36 
316      0.61     10.50    120.70   -450.43  -89.55   -353.80  0.00     0.00     0.00     -21.63   -0.00    0.00     1.14     -793.57 
317      0.66     10.61    134.27   -452.82  -90.23   -354.72  0.00     0.00     0.00     -20.22   -0.00    0.00     1.38     -782.35 
318      0.58     10.46    127.57   -454.23  -88.78   -354.85  0.00     0.00     0.00     -20.28   -0.00    0.00     1.39     -789.18 
319      0.65     10.27    129.14   -454.64  -93.22   -352.28  0.00     0.00     0.00     -20.18   -0.00    0.00     0.92     -790.25 
320      0.70     10.28    120.76   -449.71  -91.90   -354.36  0.00     0.00     0.00     -21.60   -0.00    0.00     0.94     -795.86 
321      0.63     10.73    123.18   -463.77  -88.63   -355.07  0.00     0.00     0.00     -19.01   0.00     0.00     1.45     -801.86 
322      0.64     10.53    137.43   -456.55  -93.34   -351.06  0.00     0.00     0.00     -21.22   -0.00    0.00     0.58     -784.18 
323      0.69     10.49    150.17   -448.77  -93.74   -352.97  0.00     0.00     0.00     -20.54   0.00     0.00     1.30     -764.55 
324      0.67     10.40    128.80   -457.24  -93.12   -353.62  0.00     0.00     0.00     -20.80   -0.00    0.00     1.16     -794.82 
325      0.59     10.25    121.94   -453.90  -96.87   -353.08  0.00     0.00     0.00     -19.66   0.00     0.00     1.32     -800.24 
326      0.62     10.05    128.12   -455.85  -92.07   -346.84  0.00     0.00     0.00     -19.91   0.00     0.00     0.98     -785.57 
327      0.68     10.61    126.49   -460.22  -89.59   -354.58  0.00     0.00     0.00     -21.77   0.00     0.00     1.29     -798.37 
328      0.62     10.28    139.76   -458.46  -89.11   -350.57  0.00     0.00     0.00     -20.82   -0.00    0.00     0.91     -778.29 
329      0.69     10.67    119.64   -452.25  -88.42   -354.55  0.00     0.00     0.00     -20.59   0.00     0.00     1.26     -794.91 
330      0.68     10.04    134.90   -451.54  -95.43   -349.63  0.00     0.00     0.00     -19.16   -0.00    0.00     0.19     -780.67 
331      0.64     10.13    132.08   -457.46  -92.74   -353.05  0.00     0.00     0.00     -20.37   -0.00    0.00     1.14     -790.39 
332      0.67     10.42    111.97   -461.81  -88.54   -348.04  0.00     0.00     0.00     -19.90   -0.00    0.00     0.91     -805.41 
333      0.71     10.29    126.37   -460.17  -91.84   -355.34  0.00     0.00     0.00     -22.15   -0.00    0.00     1.20     -801.93 
334      0.64     10.30    121.76   -461.23  -92.01   -355.12  0.00     0.00     0.00     -19.01   -0.00    0.00     0.94     -804.66 
335      0.69     10.50    146.88   -449.62  -92.61   -354.21  0.00     0.00     0.00     -20.56   0.00     0.00     0.83     -769.29 
336      0.68     10.27    129.20   -458.77  -93.93   -350.81  0.00     0.00     0.00     -21.30   0.00     0.00     1.15     -794.46 
337      0.67     10.19    137.50   -450.85  -95.19   -351.22  0.00     0.00     0.00     -21.98   -0.00    0.00     0.79     -780.95 
338      0.63     10.27    127.93   -452.99  -91.96   -353.82  0.00     0.00     0.00     -19.46   -0.00    0.00     1.10     -789.20 
339      0.63     10.53    134.93   -457.09  -93.74   -351.79  0.00     0.00     0.00     -20.00   -0.00    0.00     1.14     -786.55 
340      0.63     10.19    121.72   -457.79  -93.38   -351.87  0.00     0.00     0.00     -20.11   -0.00    0.00     1.05     -800.37 
341      0.67     10.21    138.46   -461.55  -94.13   -350.64  0.00     0.00     0.00     -18.92   0.00     0.00     1.25     -785.53 
342      0.67     10.06    128.58   -456.82  -98.83   -349.72  0.00     0.00     0.00     -19.89   -0.00    0.00     0.82     -795.86 
343      0.61     10.48    116.17   -457.63  -90.05   -344.34  0.00     0.00     0.00     -17.72   -0.00    0.00     1.33     -792.23 
344      0.63     10.13    124.55   -449.83  -94.22   -350.27  0.00     0.00     0.00     -19.10   -0.00    0.00     1.13     -787.74 
345      0.67     10.19    126.89   -459.50  -91.11   -355.23  0.00     0.00     0.00     -20.53   -0.00    0.00     0.84     -798.64 
346      0.71     10.08    130.61   -444.81  -95.84   -353.32  0.00     0.00     0.00     -21.15   -0.00    0.00     0.98     -783.53 
347      0.64     10.22    126.98   -454.50  -92.42   -351.46  0.00     0.00     0.00     -19.79   -0.00    0.00     1.12     -790.06 
348      0.63     10.05    145.77   -455.47  -98.40   -351.81  0.00     0.00     0.00     -20.61   -0.00    0.00     1.09     -779.43 
349      0.63     10.53    134.02   -461.63  -94.45   -345.23  0.00     0.00     0.00     -18.63   -0.00    0.00     1.12     -784.80 
350      0.64     10.62    141.47   -455.79  -86.37   -350.73  0.00     0.00     0.00     -18.92   -0.00    0.00     1.32     -769.02 
351      0.64     10.35    139.19   -456.24  -90.88   -351.11  0.00     0.00     0.00     -19.20   -0.00    0.00     1.24     -777.00 
352      0.64     10.23    139.90   -456.98  -95.55   -352.52  0.00     0.00     0.00     -19.87   -0.00    0.00     1.12     -783.90 
353      0.61     10.40    126.56   -452.13  -95.82   -348.87  0.00     0.00     0.00     -19.17   -0.00    0.00     0.78     -788.64 
354      0.63     10.26    145.20   -458.36  -97.49   -349.91  0.00     0.00     0.00     -19.85   -0.00    0.00     1.12     -779.29 
355      0.69     10.14    133.00   -461.72  -96.78   -353.68  0.00     0.00     0.00     -20.60   -0.00    0.00     0.93     -798.85 
356      0.70     10.02    124.62   -455.94  -91.87   -351.45  0.00     0.00     0.00     -21.95   -0.00    0.00     0.94     -795.65 
357      0.67     10.52    149.08   -460.54  -86.21   -357.39  0.00     0.00     0.00     -22.08   -0.00    0.00     1.00     -776.13 
358      0.65     10.37    126.87   -457.89  -90.44   -354.72  0.00     0.00     0.00     -20.38   0.00     0.00     0.99     -795.57 
359      0.68     10.16    141.52   -450.81  -97.05   -352.22  0.00     0.00     0.00     -18.78   -0.00    0.00     1.34     -776.01 
360      0.61     10.74    133.49   -456.33  -85.72   -349.34  0.00     0.00     0.00     -18.80   -0.00    0.00     1.33     -775.38 
361      0.65     10.34    137.84   -452.91  -92.87   -349.68  0.00     0.00     0.00     -19.61   0.00     0.00     1.00     -776.23 
362      0.62     10.49    130.64   -453.64  -99.12   -348.61  0.00     0.00     0.00     -19.86   -0.00    0.00     0.94     -789.66 
363      0.59     10.72    136.81   -449.23  -86.59   -353.31  0.00     0.00     0.00     -21.04   -0.00    0.00     1.02     -772.33 
364      0.64     10.27    126.06   -453.28  -87.61   -348.04  0.00     0.00     0.00     -21.79   -0.00    0.00     0.94     -783.71 
365      0.66     9.94     131.17   -458.28  -91.21   -350.01  0.00     0.00     0.00     -22.00   -0.00    0.00     1.20     -789.13 
366      0.51     10.56    130.54   -458.18  -80.52   -348.82  0.00     0.00     0.00     -19.56   -0.00    0.00     0.55     -775.99 
367      0.63     10.40    120.49   -449.98  -95.44   -352.06  0.00     0.00     0.00     -21.32   -0.00    0.00     1.16     -797.16 
368      0.60     10.69    143.06   -446.65  -87.11   -347.18  0.00     0.00     0.00     -20.77   -0.00    0.00     0.88     -757.77 
369      0.59     10.77    126.84   -459.01  -84.60   -350.97  0.00     0.00     0.00     -21.35   -0.00    0.00     0.69     -788.40 
370      0.65     10.14    128.71   -448.30  -91.25   -348.91  0.00     0.00     0.00     -20.20   -0.00    0.00     0.86     -779.09 
371      0.63     10.71    118.71   -460.60  -89.45   -345.75  0.00     0.00     0.00     -19.60   -0.00    0.00     1.06     -795.62 
372      0.67     10.35    135.16   -460.12  -92.44   -351.38  0.00     0.00     0.00     -21.16   -0.00    0.00     0.75     -789.18 
373      0.73     10.38    118.71   -453.13  -88.71   -353.20  0.00     0.00     0.00     -20.78   -0.00    0.00     1.40     -795.71 
374      0.68     10.12    135.25   -456.69  -95.32   -351.48  0.00     0.00     0.00     -19.57   -0.00    0.00     1.00     -786.81 
375      0.66     10.23    131.65   -452.49  -91.71   -352.50  0.00     0.00     0.00     -19.36   -0.00    0.00     1.11     -783.31 
376      0.64     10.20    125.35   -454.86  -95.16   -355.31  0.00     0.00     0.00     -21.87   -0.00    0.00     0.96     -800.89 
377      0.66     10.31    140.80   -455.35  -98.02   -353.38  0.00     0.00     0.00     -20.22   -0.00    0.00     1.05     -785.12 
378      0.65     10.18    146.47   -454.92  -93.73   -353.39  0.00     0.00     0.00     -21.64   -0.00    0.00     0.96     -776.25 
379      0.68     10.14    112.18   -458.94  -90.76   -351.45  0.00     0.00     0.00     -21.41   -0.00    0.00     0.68     -809.71 
380      0.68     10.05    138.38   -458.15  -93.15   -352.35  0.00     0.00     0.00     -21.37   -0.00    0.00     1.02     -785.62 
381      0.64     9.83     140.62   -458.65  -91.58   -350.90  0.00     0.00     0.00     -20.93   -0.00    0.00     0.96     -780.48 
382      0.56     10.10    132.02   -457.36  -92.39   -349.52  0.00     0.00     0.00     -20.52   -0.00    0.00     1.07     -786.70 
383      0.66     10.01    129.34   -450.33  -96.66   -350.94  0.00     0.00     0.00     -21.02   -0.00    0.00     0.92     -788.68 
384      0.66     10.08    136.25   -454.52  -91.68   -352.97  0.00     0.00     0.00     -21.45   -0.00    0.00     0.95     -783.43 
385      0.56     10.96    131.14   -456.42  -84.01   -346.98  0.00     0.00     0.00     -21.29   0.00     0.00     1.47     -776.08 
386      0.71     10.11    125.21   -454.83  -93.59   -349.68  0.00     0.00     0.00     -21.72   0.00     0.00     1.08     -793.53 
387      0.75     10.20    142.64   -458.21  -91.80   -354.44  0.00     0.00     0.00     -20.70   0.00     0.00     0.42     -782.09 
388      0.57     10.29    135.81   -454.01  -96.57   -354.60  0.00     0.00     0.00     -20.10   -0.00    0.00     0.77     -788.70 
389      0.64     10.40    131.82   -459.92  -93.60   -355.07  0.00     0.00     0.00     -19.16   0.00     0.00     0.93     -795.01 
390      0.64     10.43    119.06   -453.09  -90.62   -353.84  0.00     0.00     0.00     -20.37   -0.00    0.00     0.87     -797.98 
391      0.64     10.47    131.32   -453.76  -88.18   -353.59  0.00     0.00     0.00     -21.13   -0.00    0.00     0.92     -784.42 
392      0.55     10.43    131.06   -450.36  -88.84   -351.68  0.00     0.00     0.00     -19.91   -0.00    0.00     1.05     -778.69 
393      0.63     10.10    135.12   -455.77  -100.48  -351.50  0.00     0.00     0.00     -18.45   -0.00    0.00     1.28     -789.80 
394      0.58     10.04    122.83   -456.14  -103.50  -349.04  0.00     0.00     0.00     -20.91   -0.00    0.00     1.19     -805.58 
395      0.66     10.41    133.07   -462.21  -89.98   -350.64  0.00     0.00     0.00     -21.33   -0.00    0.00     1.37     -789.71 
396      0.60     10.88    123.21   -450.91  -91.04   -349.20  0.00     0.00     0.00     -20.75   0.00     0.00     1.18     -787.51 
397      0.69     10.50    119.61   -463.88  -92.25   -355.40  0.00     0.00     0.00     -20.48   -0.00    0.00     1.61     -810.80 
398      0.66     10.41    139.58   -454.75  -92.02   -350.51  0.00     0.00     0.00     -19.93   0.00     0.00     1.13     -776.51 
399      0.68     10.36    127.39   -456.05  -91.41   -353.16  0.00     0.00     0.00     -21.93   -0.00    0.00     1.51     -793.65 
400      0.63     10.70    125.39   -452.01  -91.77   -347.63  0.00     0.00     0.00     -18.21   0.00     0.00     0.98     -783.26 
401      0.64     10.32    121.28   -458.15  -97.50   -345.89  0.00     0.00     0.00     -19.57   -0.00    0.00     1.10     -798.73 
