Steps    Q        Rg       Backbone Rama     Contact  Fragment Membrane ER       TBM_Q    Beta     Pap      Helical  Debye_huckel Total   
0        1.00     10.06    80.42    -357.54  -74.08   -363.62  0.00     0.00     0.00     -23.45   0.00     0.00     0.74     -737.53 
1        0.96     10.09    4.42     -441.56  -87.60   -363.93  0.00     0.00     0.00     -24.63   -0.00    0.00     0.98     -912.33 
2        0.55     10.37    130.18   -455.57  -93.84   -350.34  0.00     0.00     0.00     -20.62   -0.00    0.00     1.25     -788.94 
3        0.70     10.37    134.79   -457.70  -93.73   -352.54  0.00     0.00     0.00     -18.60   0.00     0.00     1.40     -786.37 
4        0.64     10.35    124.90   -456.59  -90.22   -352.92  0.00     0.00     0.00     -21.14   -0.00    0.00     0.79     -795.18 
5        0.62     10.05    122.89   -461.80  -86.97   -353.68  0.00     0.00     0.00     -21.56   -0.00    0.00     0.89     -800.23 
6        0.67     10.42    131.69   -460.20  -92.36   -349.18  0.00     0.00     0.00     -18.73   0.00     0.00     1.27     -787.51 
7        0.68     10.12    136.04   -455.19  -94.32   -352.01  0.00     0.00     0.00     -20.03   0.00     0.00     1.12     -784.39 
8        0.71     10.11    131.26   -456.34  -97.05   -353.77  0.00     0.00     0.00     -20.31   -0.00    0.00     1.26     -794.95 
9        0.66     9.97     119.87   -462.00  -95.61   -346.02  0.00     0.00     0.00     -20.25   -0.00    0.00     0.51     -803.49 
10       0.61     10.41    144.30   -457.11  -95.35   -350.42  0.00     0.00     0.00     -19.17   0.00     0.00     1.05     -776.69 
11       0.62     10.15    143.05   -455.59  -88.45   -353.23  0.00     0.00     0.00     -20.66   -0.00    0.00     0.83     -774.05 
12       0.61     10.14    129.79   -455.19  -100.09  -344.65  0.00     0.00     0.00     -20.46   -0.00    0.00     0.96     -789.64 
13       0.61     10.12    134.61   -455.95  -94.42   -353.89  0.00     0.00     0.00     -20.85   -0.00    0.00     0.68     -789.81 
14       0.64     10.42    128.73   -462.44  -90.96   -352.15  0.00     0.00     0.00     -21.92   -0.00    0.00     1.08     -797.67 
15       0.60     10.22    145.59   -457.39  -87.14   -354.41  0.00     0.00     0.00     -21.68   -0.00    0.00     1.03     -774.01 
16       0.64     10.57    121.81   -455.39  -89.76   -357.11  0.00     0.00     0.00     -22.70   -0.00    0.00     0.90     -802.25 
17       0.63     10.14    126.30   -452.20  -91.68   -350.93  0.00     0.00     0.00     -19.85   -0.00    0.00     0.84     -787.52 
18       0.59     10.30    130.25   -460.72  -92.66   -346.99  0.00     0.00     0.00     -19.46   -0.00    0.00     0.79     -788.80 
19       0.68     10.34    138.50   -455.81  -96.14   -352.06  0.00     0.00     0.00     -20.44   0.00     0.00     1.01     -784.95 
20       0.64     10.24    120.35   -459.89  -92.71   -355.39  0.00     0.00     0.00     -21.17   -0.00    0.00     0.92     -807.88 
21       0.70     10.34    131.22   -459.89  -93.99   -351.98  0.00     0.00     0.00     -18.14   -0.00    0.00     1.31     -791.48 
22       0.58     10.83    133.22   -462.65  -90.21   -352.92  0.00     0.00     0.00     -20.76   0.00     0.00     0.91     -792.41 
23       0.70     10.12    128.64   -457.97  -90.37   -349.57  0.00     0.00     0.00     -19.95   -0.00    0.00     0.84     -788.38 
24       0.62     10.18    127.06   -454.02  -89.70   -353.99  0.00     0.00     0.00     -21.07   -0.00    0.00     1.13     -790.60 
25       0.56     10.31    123.95   -456.36  -92.54   -353.39  0.00     0.00     0.00     -23.14   -0.00    0.00     0.98     -800.50 
26       0.61     10.56    142.56   -457.51  -92.90   -351.38  0.00     0.00     0.00     -22.14   -0.00    0.00     0.74     -780.62 
27       0.65     10.16    129.81   -453.53  -99.58   -352.09  0.00     0.00     0.00     -19.03   -0.00    0.00     0.79     -793.62 
28       0.63     10.44    141.79   -462.50  -92.04   -354.97  0.00     0.00     0.00     -20.31   0.00     0.00     1.07     -786.97 
29       0.70     10.33    132.07   -458.55  -83.56   -354.40  0.00     0.00     0.00     -22.07   0.00     0.00     0.92     -785.60 
30       0.62     10.22    140.23   -448.39  -93.27   -354.93  0.00     0.00     0.00     -21.92   -0.00    0.00     0.89     -777.39 
31       0.63     10.39    136.78   -453.32  -93.00   -348.50  0.00     0.00     0.00     -19.50   0.00     0.00     1.01     -776.53 
32       0.65     10.19    129.15   -449.30  -92.52   -351.42  0.00     0.00     0.00     -19.92   -0.00    0.00     0.53     -783.49 
33       0.58     10.18    134.32   -457.89  -91.72   -351.89  0.00     0.00     0.00     -21.20   -0.00    0.00     0.78     -787.59 
34       0.51     10.60    135.49   -455.61  -92.40   -344.60  0.00     0.00     0.00     -18.27   -0.00    0.00     0.91     -774.49 
35       0.69     9.83     132.13   -458.53  -96.65   -348.32  0.00     0.00     0.00     -18.32   -0.00    0.00     0.51     -789.19 
36       0.56     10.51    121.36   -459.28  -90.92   -353.38  0.00     0.00     0.00     -20.54   -0.00    0.00     0.74     -802.02 
37       0.65     10.30    128.99   -457.93  -89.38   -346.15  0.00     0.00     0.00     -19.16   -0.00    0.00     1.03     -782.60 
38       0.66     10.24    115.15   -461.56  -95.20   -350.57  0.00     0.00     0.00     -18.37   -0.00    0.00     0.97     -809.56 
39       0.67     10.39    135.45   -460.40  -88.99   -353.42  0.00     0.00     0.00     -18.39   -0.00    0.00     1.16     -784.59 
40       0.62     10.45    127.80   -457.61  -86.47   -354.88  0.00     0.00     0.00     -20.10   -0.00    0.00     1.46     -789.79 
41       0.67     10.11    116.98   -454.01  -95.04   -348.41  0.00     0.00     0.00     -18.90   -0.00    0.00     0.80     -798.58 
42       0.64     10.51    118.39   -457.81  -95.25   -353.63  0.00     0.00     0.00     -19.74   0.00     0.00     1.00     -807.05 
43       0.58     10.23    124.53   -462.87  -98.01   -351.44  0.00     0.00     0.00     -19.62   -0.00    0.00     1.00     -806.40 
44       0.60     10.22    123.87   -458.38  -91.82   -348.25  0.00     0.00     0.00     -18.67   0.00     0.00     0.71     -792.54 
45       0.61     10.05    132.00   -453.79  -88.23   -356.41  0.00     0.00     0.00     -22.75   -0.00    0.00     1.06     -788.12 
46       0.66     10.54    133.91   -455.89  -96.52   -352.59  0.00     0.00     0.00     -20.03   0.00     0.00     0.78     -790.33 
47       0.68     10.37    137.89   -456.65  -97.11   -351.56  0.00     0.00     0.00     -20.08   -0.00    0.00     0.97     -786.53 
48       0.60     10.30    149.58   -461.53  -93.72   -350.06  0.00     0.00     0.00     -19.45   -0.00    0.00     0.64     -774.54 
49       0.67     10.05    119.00   -458.13  -93.88   -353.08  0.00     0.00     0.00     -20.76   -0.00    0.00     0.68     -806.17 
50       0.65     10.39    123.30   -455.59  -95.14   -345.80  0.00     0.00     0.00     -18.89   -0.00    0.00     1.02     -791.11 
51       0.63     10.74    132.01   -457.43  -89.13   -351.06  0.00     0.00     0.00     -21.22   0.00     0.00     1.38     -785.45 
52       0.71     10.18    121.63   -460.64  -93.56   -353.41  0.00     0.00     0.00     -22.24   -0.00    0.00     1.18     -807.04 
53       0.62     10.18    130.35   -456.23  -93.74   -351.88  0.00     0.00     0.00     -20.40   -0.00    0.00     0.95     -790.96 
54       0.72     10.45    125.51   -459.39  -89.98   -355.65  0.00     0.00     0.00     -22.15   -0.00    0.00     1.07     -800.58 
55       0.61     10.47    113.15   -456.98  -87.62   -352.30  0.00     0.00     0.00     -21.48   -0.00    0.00     1.20     -804.03 
56       0.68     10.26    123.10   -455.68  -94.85   -350.19  0.00     0.00     0.00     -20.37   0.00     0.00     0.84     -797.15 
57       0.65     10.68    127.91   -458.28  -90.30   -354.65  0.00     0.00     0.00     -21.64   0.00     0.00     1.30     -795.65 
58       0.64     10.44    123.00   -452.93  -98.63   -352.57  0.00     0.00     0.00     -20.51   -0.00    0.00     1.06     -800.58 
59       0.65     10.04    132.85   -458.94  -85.24   -352.44  0.00     0.00     0.00     -20.66   0.00     0.00     0.56     -783.87 
60       0.65     10.17    139.30   -460.36  -90.73   -351.13  0.00     0.00     0.00     -20.36   -0.00    0.00     1.19     -782.10 
61       0.67     10.37    126.25   -453.25  -93.11   -351.14  0.00     0.00     0.00     -20.39   -0.00    0.00     1.10     -790.55 
62       0.70     10.03    143.58   -460.04  -95.56   -351.48  0.00     0.00     0.00     -21.62   -0.00    0.00     1.51     -783.60 
63       0.63     10.64    121.87   -463.45  -86.38   -353.95  0.00     0.00     0.00     -20.54   0.00     0.00     1.28     -801.17 
64       0.69     9.99     120.11   -458.49  -95.89   -350.15  0.00     0.00     0.00     -21.43   -0.00    0.00     0.86     -805.00 
65       0.67     10.10    130.45   -459.67  -92.02   -349.58  0.00     0.00     0.00     -19.52   -0.00    0.00     1.17     -789.16 
66       0.64     10.52    157.25   -462.12  -88.63   -350.40  0.00     0.00     0.00     -19.53   -0.00    0.00     1.20     -762.23 
67       0.67     10.30    128.26   -455.64  -94.80   -349.15  0.00     0.00     0.00     -18.83   0.00     0.00     0.98     -789.19 
68       0.58     10.61    140.57   -450.06  -87.06   -346.84  0.00     0.00     0.00     -19.41   -0.00    0.00     1.74     -761.05 
69       0.68     10.37    124.75   -449.87  -96.39   -352.14  0.00     0.00     0.00     -19.51   0.00     0.00     1.33     -791.83 
70       0.75     10.03    127.81   -451.37  -94.13   -350.68  0.00     0.00     0.00     -19.23   -0.00    0.00     0.90     -786.70 
71       0.66     10.69    139.04   -445.50  -87.66   -352.84  0.00     0.00     0.00     -19.13   0.00     0.00     1.53     -764.55 
72       0.61     10.65    142.98   -459.33  -87.82   -351.13  0.00     0.00     0.00     -19.19   0.00     0.00     1.24     -773.27 
73       0.59     10.01    127.22   -458.66  -95.35   -349.97  0.00     0.00     0.00     -19.88   0.00     0.00     0.96     -795.69 
74       0.64     10.32    137.81   -454.02  -94.24   -351.34  0.00     0.00     0.00     -17.51   -0.00    0.00     1.17     -778.12 
75       0.73     10.21    119.00   -450.74  -86.34   -352.94  0.00     0.00     0.00     -20.69   0.00     0.00     1.38     -790.34 
76       0.67     10.49    112.69   -457.56  -94.72   -351.37  0.00     0.00     0.00     -18.94   0.00     0.00     1.53     -808.37 
77       0.66     10.63    126.92   -451.25  -92.60   -352.76  0.00     0.00     0.00     -20.16   0.00     0.00     1.39     -788.46 
78       0.69     10.24    113.94   -454.99  -89.40   -350.79  0.00     0.00     0.00     -22.10   -0.00    0.00     1.25     -802.10 
79       0.67     10.47    133.34   -453.37  -92.97   -352.45  0.00     0.00     0.00     -20.26   0.00     0.00     1.42     -784.27 
80       0.61     10.67    140.58   -461.21  -89.55   -357.55  0.00     0.00     0.00     -22.13   -0.00    0.00     1.59     -788.26 
81       0.60     10.50    115.23   -459.08  -90.08   -349.53  0.00     0.00     0.00     -19.84   0.00     0.00     1.12     -802.18 
82       0.63     10.62    134.30   -454.22  -90.01   -350.31  0.00     0.00     0.00     -19.92   0.00     0.00     1.37     -778.79 
83       0.66     10.34    120.23   -456.80  -93.92   -350.97  0.00     0.00     0.00     -20.15   0.00     0.00     1.20     -800.41 
84       0.58     10.38    132.65   -454.53  -89.02   -353.68  0.00     0.00     0.00     -20.70   -0.00    0.00     1.80     -783.48 
85       0.61     10.35    134.09   -447.72  -91.82   -351.66  0.00     0.00     0.00     -20.20   0.00     0.00     0.94     -776.38 
86       0.72     10.35    124.90   -451.78  -93.16   -350.98  0.00     0.00     0.00     -17.80   0.00     0.00     1.31     -787.50 
87       0.63     9.97     132.06   -459.39  -92.65   -351.39  0.00     0.00     0.00     -20.43   0.00     0.00     0.89     -790.91 
88       0.69     10.20    141.43   -452.51  -91.60   -351.28  0.00     0.00     0.00     -19.40   0.00     0.00     1.18     -772.18 
89       0.63     10.28    144.32   -450.36  -89.34   -352.26  0.00     0.00     0.00     -21.10   -0.00    0.00     1.13     -767.61 
90       0.58     10.75    112.93   -449.54  -85.39   -350.77  0.00     0.00     0.00     -19.44   0.00     0.00     1.23     -790.99 
91       0.62     10.35    124.37   -458.24  -93.29   -350.53  0.00     0.00     0.00     -21.15   -0.00    0.00     1.04     -797.80 
92       0.59     10.23    126.56   -447.50  -94.89   -352.35  0.00     0.00     0.00     -18.49   -0.00    0.00     0.38     -786.29 
93       0.58     10.70    120.55   -455.98  -89.95   -350.97  0.00     0.00     0.00     -18.39   -0.00    0.00     0.59     -794.13 
94       0.61     10.56    121.26   -449.64  -93.97   -353.88  0.00     0.00     0.00     -21.05   -0.00    0.00     1.29     -795.98 
95       0.67     10.38    135.42   -449.74  -93.48   -356.22  0.00     0.00     0.00     -20.63   0.00     0.00     0.95     -783.70 
96       0.67     10.09    132.59   -452.99  -93.16   -353.44  0.00     0.00     0.00     -21.61   0.00     0.00     0.98     -787.63 
97       0.60     10.35    127.19   -454.28  -92.95   -352.46  0.00     0.00     0.00     -18.02   0.00     0.00     1.40     -789.11 
98       0.65     10.50    138.34   -442.79  -89.89   -350.60  0.00     0.00     0.00     -19.71   -0.00    0.00     1.18     -763.48 
99       0.65     10.09    143.13   -456.72  -93.01   -351.91  0.00     0.00     0.00     -18.85   -0.00    0.00     1.21     -776.14 
100      0.62     10.67    120.74   -454.09  -90.16   -352.09  0.00     0.00     0.00     -20.18   -0.00    0.00     1.11     -794.67 
101      0.65     10.02    149.58   -452.25  -97.21   -344.96  0.00     0.00     0.00     -18.86   -0.00    0.00     0.63     -763.06 
102      0.70     10.18    141.64   -453.47  -95.80   -353.35  0.00     0.00     0.00     -22.06   -0.00    0.00     1.39     -781.65 
103      0.59     10.88    129.90   -451.19  -87.55   -348.88  0.00     0.00     0.00     -19.48   0.00     0.00     1.22     -775.98 
104      0.68     10.19    122.34   -457.68  -94.50   -354.46  0.00     0.00     0.00     -20.21   0.00     0.00     1.22     -803.29 
105      0.62     10.22    122.85   -452.53  -95.66   -351.28  0.00     0.00     0.00     -19.17   -0.00    0.00     0.96     -794.83 
106      0.63     10.00    125.77   -458.53  -87.86   -353.34  0.00     0.00     0.00     -20.25   -0.00    0.00     0.80     -793.40 
107      0.67     10.15    130.90   -454.09  -97.17   -350.83  0.00     0.00     0.00     -18.65   -0.00    0.00     1.13     -788.71 
108      0.65     10.19    125.07   -452.61  -93.63   -352.95  0.00     0.00     0.00     -20.45   -0.00    0.00     1.22     -793.35 
109      0.65     10.53    137.32   -460.13  -91.66   -350.79  0.00     0.00     0.00     -21.12   0.00     0.00     1.03     -785.34 
110      0.67     10.14    128.94   -455.57  -88.30   -353.26  0.00     0.00     0.00     -21.68   -0.00    0.00     0.99     -788.88 
111      0.72     10.46    151.46   -453.00  -91.70   -351.59  0.00     0.00     0.00     -18.28   -0.00    0.00     1.15     -761.97 
112      0.67     10.23    139.99   -455.28  -94.79   -353.13  0.00     0.00     0.00     -19.28   -0.00    0.00     1.11     -781.37 
113      0.66     10.14    134.40   -456.20  -91.67   -353.98  0.00     0.00     0.00     -19.03   -0.00    0.00     0.74     -785.74 
114      0.62     10.17    130.67   -453.83  -91.51   -349.84  0.00     0.00     0.00     -18.02   -0.00    0.00     0.91     -781.61 
115      0.64     10.42    124.57   -456.51  -94.28   -354.14  0.00     0.00     0.00     -20.97   -0.00    0.00     1.13     -800.21 
116      0.66     10.03    135.85   -456.65  -95.58   -351.03  0.00     0.00     0.00     -20.33   -0.00    0.00     0.76     -786.98 
117      0.58     10.40    126.42   -454.46  -87.81   -349.92  0.00     0.00     0.00     -19.98   -0.00    0.00     1.16     -784.58 
118      0.61     10.44    123.16   -457.22  -91.87   -350.75  0.00     0.00     0.00     -19.64   -0.00    0.00     1.00     -795.31 
119      0.60     10.24    136.31   -459.11  -94.20   -349.37  0.00     0.00     0.00     -18.65   -0.00    0.00     0.86     -784.15 
120      0.54     10.40    123.58   -451.09  -94.89   -354.13  0.00     0.00     0.00     -18.29   -0.00    0.00     1.52     -793.30 
121      0.54     10.37    137.48   -455.30  -91.46   -349.52  0.00     0.00     0.00     -19.49   -0.00    0.00     1.01     -777.25 
122      0.63     10.50    122.41   -454.08  -83.93   -351.13  0.00     0.00     0.00     -20.32   -0.00    0.00     1.18     -785.88 
123      0.63     10.28    128.40   -452.63  -87.94   -350.28  0.00     0.00     0.00     -21.94   -0.00    0.00     0.62     -783.76 
124      0.70     10.23    130.65   -455.71  -93.39   -355.02  0.00     0.00     0.00     -20.59   -0.00    0.00     0.59     -793.47 
125      0.54     10.66    121.89   -454.80  -85.27   -353.76  0.00     0.00     0.00     -19.26   -0.00    0.00     1.27     -789.92 
126      0.56     10.65    123.02   -454.12  -85.98   -353.92  0.00     0.00     0.00     -21.37   -0.00    0.00     0.96     -791.40 
127      0.63     10.31    147.21   -457.25  -88.57   -353.01  0.00     0.00     0.00     -21.65   -0.00    0.00     1.04     -772.23 
128      0.62     10.57    122.84   -454.61  -92.56   -347.45  0.00     0.00     0.00     -21.43   -0.00    0.00     1.31     -791.90 
129      0.67     10.35    126.12   -458.22  -90.30   -352.50  0.00     0.00     0.00     -19.22   -0.00    0.00     1.05     -793.07 
130      0.62     10.11    122.26   -452.78  -95.34   -352.26  0.00     0.00     0.00     -22.18   -0.00    0.00     1.20     -799.11 
131      0.62     10.58    129.17   -453.73  -91.60   -352.22  0.00     0.00     0.00     -19.81   -0.00    0.00     0.81     -787.39 
132      0.52     10.46    117.61   -453.51  -88.44   -353.52  0.00     0.00     0.00     -22.01   -0.00    0.00     1.33     -798.55 
133      0.55     11.03    139.08   -460.54  -88.12   -348.94  0.00     0.00     0.00     -19.49   -0.00    0.00     1.17     -776.85 
134      0.63     10.63    138.49   -446.12  -90.90   -349.41  0.00     0.00     0.00     -19.86   -0.00    0.00     0.94     -766.84 
135      0.67     10.35    122.93   -452.48  -94.45   -349.19  0.00     0.00     0.00     -19.90   -0.00    0.00     0.64     -792.45 
136      0.69     10.31    139.85   -456.56  -96.24   -349.50  0.00     0.00     0.00     -18.48   0.00     0.00     0.75     -780.19 
137      0.62     10.20    131.25   -464.52  -93.56   -348.38  0.00     0.00     0.00     -18.09   -0.00    0.00     0.81     -792.50 
138      0.64     10.38    125.30   -455.71  -91.10   -352.96  0.00     0.00     0.00     -19.47   -0.00    0.00     1.16     -792.78 
139      0.58     10.25    122.37   -458.79  -95.86   -350.04  0.00     0.00     0.00     -20.92   -0.00    0.00     0.96     -802.29 
140      0.57     10.19    126.25   -456.24  -95.39   -349.25  0.00     0.00     0.00     -19.64   -0.00    0.00     1.22     -793.05 
141      0.63     10.25    133.40   -452.75  -93.74   -351.85  0.00     0.00     0.00     -19.86   -0.00    0.00     1.13     -783.66 
142      0.62     10.60    121.97   -449.47  -88.02   -353.02  0.00     0.00     0.00     -21.40   -0.00    0.00     0.99     -788.95 
143      0.71     10.00    135.36   -457.34  -92.02   -354.93  0.00     0.00     0.00     -21.27   0.00     0.00     0.96     -789.24 
144      0.62     10.45    124.23   -458.13  -91.02   -350.44  0.00     0.00     0.00     -18.86   0.00     0.00     1.05     -793.17 
145      0.62     10.58    127.88   -454.15  -90.31   -356.29  0.00     0.00     0.00     -20.63   -0.00    0.00     1.16     -792.35 
146      0.69     10.36    127.68   -458.30  -90.19   -349.98  0.00     0.00     0.00     -21.05   -0.00    0.00     1.05     -790.79 
147      0.61     10.32    133.17   -455.98  -96.74   -352.35  0.00     0.00     0.00     -20.33   -0.00    0.00     1.56     -790.66 
148      0.74     10.29    129.17   -458.84  -90.32   -354.33  0.00     0.00     0.00     -20.29   0.00     0.00     1.17     -793.43 
149      0.67     10.40    152.68   -457.49  -90.81   -355.10  0.00     0.00     0.00     -20.16   -0.00    0.00     1.18     -769.70 
150      0.61     10.37    142.60   -458.31  -98.32   -351.20  0.00     0.00     0.00     -19.58   0.00     0.00     1.07     -783.74 
151      0.63     10.28    119.09   -456.73  -87.14   -355.24  0.00     0.00     0.00     -22.13   -0.00    0.00     1.26     -800.89 
152      0.65     10.70    138.22   -457.06  -89.81   -352.19  0.00     0.00     0.00     -21.01   0.00     0.00     1.32     -780.52 
153      0.66     10.17    133.60   -459.80  -95.52   -353.99  0.00     0.00     0.00     -21.53   -0.00    0.00     0.81     -796.42 
154      0.60     10.32    144.86   -460.25  -93.78   -351.20  0.00     0.00     0.00     -19.40   -0.00    0.00     0.92     -778.86 
155      0.63     10.52    125.86   -460.72  -88.20   -352.10  0.00     0.00     0.00     -20.38   0.00     0.00     0.99     -794.55 
156      0.68     10.41    135.21   -459.97  -92.76   -355.23  0.00     0.00     0.00     -21.45   -0.00    0.00     0.99     -793.21 
157      0.67     10.68    136.12   -450.54  -87.75   -350.94  0.00     0.00     0.00     -22.10   -0.00    0.00     1.17     -774.05 
158      0.62     10.04    118.27   -458.74  -88.18   -351.51  0.00     0.00     0.00     -19.01   -0.00    0.00     0.47     -798.70 
159      0.66     10.44    127.40   -454.98  -92.08   -357.85  0.00     0.00     0.00     -21.36   -0.00    0.00     1.14     -797.72 
160      0.69     10.49    130.10   -457.44  -84.06   -351.70  0.00     0.00     0.00     -20.24   0.00     0.00     0.84     -782.51 
161      0.63     10.33    138.79   -453.73  -94.50   -354.42  0.00     0.00     0.00     -20.92   0.00     0.00     0.96     -783.82 
162      0.69     10.49    149.38   -457.57  -93.20   -354.23  0.00     0.00     0.00     -18.85   0.00     0.00     1.06     -773.42 
163      0.65     10.60    118.21   -453.89  -91.54   -354.55  0.00     0.00     0.00     -19.55   -0.00    0.00     0.93     -800.38 
164      0.64     10.31    118.08   -455.07  -93.20   -350.71  0.00     0.00     0.00     -18.82   -0.00    0.00     0.98     -798.75 
165      0.66     10.27    110.83   -456.71  -90.11   -350.45  0.00     0.00     0.00     -19.73   0.00     0.00     0.89     -805.29 
166      0.67     10.49    125.38   -454.78  -90.83   -354.11  0.00     0.00     0.00     -19.97   -0.00    0.00     0.93     -793.37 
167      0.61     10.33    117.44   -453.03  -93.30   -351.88  0.00     0.00     0.00     -19.92   -0.00    0.00     1.18     -799.51 
168      0.62     10.25    133.94   -456.41  -94.96   -351.19  0.00     0.00     0.00     -20.39   -0.00    0.00     0.72     -788.28 
169      0.61     10.09    131.01   -456.23  -89.90   -351.09  0.00     0.00     0.00     -20.75   -0.00    0.00     1.00     -785.96 
170      0.65     10.52    133.83   -458.61  -88.12   -356.66  0.00     0.00     0.00     -22.10   -0.00    0.00     1.01     -790.65 
171      0.67     10.33    131.13   -458.41  -91.78   -354.31  0.00     0.00     0.00     -17.53   -0.00    0.00     1.18     -789.71 
172      0.52     11.21    135.65   -460.53  -83.45   -353.54  0.00     0.00     0.00     -22.35   -0.00    0.00     1.73     -782.48 
173      0.62     10.45    128.06   -460.20  -91.96   -349.06  0.00     0.00     0.00     -21.86   -0.00    0.00     1.05     -793.98 
174      0.62     10.56    127.08   -457.39  -93.05   -352.66  0.00     0.00     0.00     -18.58   -0.00    0.00     1.09     -793.50 
175      0.66     10.36    119.19   -457.93  -90.91   -351.36  0.00     0.00     0.00     -20.15   -0.00    0.00     1.04     -800.11 
176      0.62     10.34    126.29   -454.13  -92.75   -352.97  0.00     0.00     0.00     -21.53   -0.00    0.00     1.15     -793.93 
177      0.61     10.66    133.84   -455.58  -86.07   -350.91  0.00     0.00     0.00     -18.33   -0.00    0.00     1.18     -775.86 
178      0.60     10.49    137.90   -456.91  -89.63   -351.61  0.00     0.00     0.00     -22.61   -0.00    0.00     1.21     -781.65 
179      0.62     10.39    121.94   -465.14  -97.05   -352.14  0.00     0.00     0.00     -22.06   -0.00    0.00     1.39     -813.07 
180      0.70     10.14    130.46   -458.08  -91.29   -349.06  0.00     0.00     0.00     -21.34   0.00     0.00     1.24     -788.07 
181      0.62     10.22    143.06   -452.59  -92.33   -352.20  0.00     0.00     0.00     -21.57   -0.00    0.00     0.70     -774.92 
182      0.60     10.91    115.41   -453.32  -89.05   -352.16  0.00     0.00     0.00     -19.75   0.00     0.00     1.04     -797.83 
183      0.58     10.57    142.84   -452.20  -88.51   -349.72  0.00     0.00     0.00     -19.62   -0.00    0.00     0.96     -766.25 
184      0.65     10.21    120.35   -451.45  -93.33   -353.76  0.00     0.00     0.00     -20.94   -0.00    0.00     1.18     -797.95 
185      0.71     10.32    127.38   -452.75  -92.28   -354.34  0.00     0.00     0.00     -20.25   0.00     0.00     1.10     -791.14 
186      0.67     10.23    129.95   -455.14  -92.59   -353.47  0.00     0.00     0.00     -21.85   -0.00    0.00     0.91     -792.19 
187      0.56     10.41    127.59   -455.00  -93.38   -352.47  0.00     0.00     0.00     -19.33   -0.00    0.00     0.51     -792.08 
188      0.60     10.42    137.39   -452.75  -90.47   -350.70  0.00     0.00     0.00     -20.99   -0.00    0.00     1.02     -776.50 
189      0.70     10.14    132.62   -461.33  -91.09   -347.11  0.00     0.00     0.00     -21.39   0.00     0.00     0.89     -787.41 
190      0.57     10.33    150.17   -458.91  -94.11   -351.63  0.00     0.00     0.00     -20.85   0.00     0.00     1.14     -774.18 
191      0.62     10.14    130.69   -462.73  -98.25   -350.02  0.00     0.00     0.00     -18.81   0.00     0.00     1.13     -797.99 
192      0.63     10.40    104.24   -455.01  -91.75   -347.38  0.00     0.00     0.00     -19.53   -0.00    0.00     1.49     -807.94 
193      0.65     10.26    124.70   -453.10  -95.06   -350.92  0.00     0.00     0.00     -20.97   -0.00    0.00     1.07     -794.29 
194      0.61     10.33    132.18   -454.88  -91.75   -353.00  0.00     0.00     0.00     -20.79   -0.00    0.00     0.92     -787.31 
195      0.67     10.27    120.65   -453.80  -89.14   -348.17  0.00     0.00     0.00     -18.61   -0.00    0.00     0.85     -788.21 
196      0.60     10.70    131.46   -465.21  -92.75   -352.19  0.00     0.00     0.00     -18.43   -0.00    0.00     1.08     -796.04 
197      0.57     10.63    116.10   -459.02  -87.43   -351.33  0.00     0.00     0.00     -22.95   0.00     0.00     1.05     -803.58 
198      0.64     10.30    109.19   -452.15  -91.49   -355.43  0.00     0.00     0.00     -20.36   -0.00    0.00     1.11     -809.14 
199      0.55     10.74    129.48   -455.46  -87.04   -352.76  0.00     0.00     0.00     -20.40   -0.00    0.00     1.53     -784.66 
200      0.60     10.29    128.23   -457.78  -87.69   -345.20  0.00     0.00     0.00     -19.38   -0.00    0.00     0.97     -780.84 
201      0.57     10.36    143.01   -461.00  -94.54   -350.70  0.00     0.00     0.00     -20.03   -0.00    0.00     1.03     -782.23 
202      0.66     10.16    125.14   -458.02  -98.76   -353.55  0.00     0.00     0.00     -19.74   -0.00    0.00     1.00     -803.93 
203      0.59     10.16    141.41   -450.05  -92.06   -349.72  0.00     0.00     0.00     -20.52   -0.00    0.00     0.53     -770.42 
204      0.58     10.25    133.56   -450.72  -91.36   -349.17  0.00     0.00     0.00     -20.96   -0.00    0.00     1.00     -777.65 
205      0.62     10.20    112.61   -454.59  -95.62   -353.41  0.00     0.00     0.00     -21.97   -0.00    0.00     0.89     -812.09 
206      0.64     10.22    128.21   -461.61  -92.97   -348.64  0.00     0.00     0.00     -18.80   -0.00    0.00     1.12     -792.69 
207      0.62     10.57    141.09   -460.96  -97.45   -351.61  0.00     0.00     0.00     -22.49   -0.00    0.00     0.75     -790.68 
208      0.65     10.43    133.02   -452.82  -89.90   -351.47  0.00     0.00     0.00     -19.90   -0.00    0.00     1.27     -779.81 
209      0.60     10.27    137.06   -455.76  -98.69   -352.72  0.00     0.00     0.00     -19.84   -0.00    0.00     1.00     -788.96 
210      0.57     10.24    125.74   -458.67  -91.35   -349.63  0.00     0.00     0.00     -19.66   -0.00    0.00     0.91     -792.66 
211      0.57     10.22    134.07   -454.24  -94.81   -350.45  0.00     0.00     0.00     -18.08   -0.00    0.00     1.03     -782.49 
212      0.60     10.74    118.83   -454.82  -86.65   -352.55  0.00     0.00     0.00     -21.59   -0.00    0.00     0.87     -795.92 
213      0.58     10.21    137.33   -456.07  -94.52   -354.36  0.00     0.00     0.00     -20.73   -0.00    0.00     1.00     -787.35 
214      0.63     10.37    122.77   -459.07  -94.75   -350.32  0.00     0.00     0.00     -20.04   -0.00    0.00     0.76     -800.64 
215      0.69     10.00    135.76   -455.55  -92.62   -350.70  0.00     0.00     0.00     -18.29   -0.00    0.00     1.01     -780.41 
216      0.59     10.11    127.70   -459.51  -92.01   -350.53  0.00     0.00     0.00     -20.68   -0.00    0.00     1.20     -793.83 
217      0.59     10.57    126.31   -458.28  -93.86   -348.77  0.00     0.00     0.00     -19.90   -0.00    0.00     0.96     -793.54 
218      0.65     10.43    122.46   -453.03  -91.15   -353.15  0.00     0.00     0.00     -20.66   0.00     0.00     1.28     -794.25 
219      0.66     10.03    125.14   -461.07  -98.01   -349.42  0.00     0.00     0.00     -18.58   -0.00    0.00     1.10     -800.85 
220      0.74     10.18    141.99   -459.42  -96.52   -355.06  0.00     0.00     0.00     -21.35   0.00     0.00     1.27     -789.10 
221      0.65     9.86     121.76   -453.28  -101.86  -350.40  0.00     0.00     0.00     -20.96   -0.00    0.00     1.18     -803.55 
222      0.65     10.29    116.29   -457.39  -101.54  -350.29  0.00     0.00     0.00     -18.06   -0.00    0.00     0.96     -810.03 
223      0.68     10.01    139.40   -460.64  -96.52   -351.77  0.00     0.00     0.00     -20.72   -0.00    0.00     1.10     -789.16 
224      0.66     10.12    126.09   -448.53  -93.03   -350.76  0.00     0.00     0.00     -20.23   -0.00    0.00     1.05     -785.41 
225      0.62     10.44    135.94   -459.36  -87.50   -346.75  0.00     0.00     0.00     -21.60   -0.00    0.00     1.07     -778.19 
226      0.74     10.20    133.36   -456.31  -97.78   -351.85  0.00     0.00     0.00     -19.57   -0.00    0.00     1.34     -790.81 
227      0.68     10.27    141.89   -448.97  -91.46   -349.66  0.00     0.00     0.00     -19.02   -0.00    0.00     1.48     -765.74 
228      0.70     10.25    135.28   -460.85  -98.22   -353.30  0.00     0.00     0.00     -18.94   -0.00    0.00     0.73     -795.30 
229      0.69     10.46    128.11   -461.48  -94.10   -351.88  0.00     0.00     0.00     -19.77   -0.00    0.00     1.22     -797.90 
230      0.61     10.21    142.51   -455.58  -92.07   -350.74  0.00     0.00     0.00     -20.47   -0.00    0.00     1.10     -775.25 
231      0.63     10.44    136.18   -459.93  -89.45   -353.89  0.00     0.00     0.00     -20.04   -0.00    0.00     1.09     -786.03 
232      0.54     10.20    118.55   -449.53  -100.86  -351.70  0.00     0.00     0.00     -20.91   -0.00    0.00     0.75     -803.70 
233      0.56     11.04    121.31   -453.14  -87.89   -349.04  0.00     0.00     0.00     -20.59   0.00     0.00     1.33     -788.02 
234      0.65     10.51    133.58   -462.43  -93.78   -353.63  0.00     0.00     0.00     -19.74   -0.00    0.00     1.33     -794.67 
235      0.65     10.34    138.43   -459.26  -90.79   -352.71  0.00     0.00     0.00     -20.80   -0.00    0.00     0.99     -784.14 
236      0.64     10.23    134.76   -458.48  -91.81   -351.21  0.00     0.00     0.00     -20.45   -0.00    0.00     1.20     -785.99 
237      0.57     10.49    122.07   -448.19  -86.59   -352.09  0.00     0.00     0.00     -19.83   0.00     0.00     1.21     -783.43 
238      0.59     10.24    139.51   -453.83  -91.15   -351.72  0.00     0.00     0.00     -22.26   -0.00    0.00     1.35     -778.10 
239      0.66     10.60    123.25   -461.56  -94.20   -354.04  0.00     0.00     0.00     -19.99   -0.00    0.00     0.97     -805.58 
240      0.70     10.15    129.99   -459.00  -92.13   -355.91  0.00     0.00     0.00     -20.02   -0.00    0.00     1.23     -795.85 
241      0.65     10.44    145.35   -455.53  -95.56   -351.61  0.00     0.00     0.00     -20.15   0.00     0.00     1.15     -776.35 
242      0.56     10.66    129.30   -454.54  -87.75   -350.64  0.00     0.00     0.00     -20.21   0.00     0.00     1.23     -782.63 
243      0.63     10.10    113.64   -458.66  -95.28   -348.31  0.00     0.00     0.00     -18.72   -0.00    0.00     0.80     -806.52 
244      0.58     10.22    119.75   -450.25  -95.57   -347.49  0.00     0.00     0.00     -20.41   0.00     0.00     1.26     -792.71 
245      0.57     10.65    129.57   -456.69  -88.17   -350.40  0.00     0.00     0.00     -21.23   0.00     0.00     0.90     -786.00 
246      0.65     10.34    122.03   -454.56  -92.82   -349.77  0.00     0.00     0.00     -21.21   -0.00    0.00     0.94     -795.39 
247      0.68     10.32    120.53   -458.98  -92.09   -353.98  0.00     0.00     0.00     -20.63   0.00     0.00     1.08     -804.06 
248      0.54     10.26    141.44   -452.28  -89.09   -353.46  0.00     0.00     0.00     -19.52   -0.00    0.00     0.85     -772.06 
249      0.58     11.08    118.73   -458.50  -82.34   -354.48  0.00     0.00     0.00     -21.34   0.00     0.00     1.61     -796.31 
250      0.65     10.23    135.19   -452.61  -89.23   -349.56  0.00     0.00     0.00     -19.93   -0.00    0.00     1.15     -774.99 
251      0.61     10.14    115.38   -461.85  -96.41   -354.97  0.00     0.00     0.00     -20.08   -0.00    0.00     1.10     -816.84 
252      0.55     10.40    136.37   -461.19  -91.75   -351.21  0.00     0.00     0.00     -19.12   -0.00    0.00     0.99     -785.91 
253      0.60     10.19    134.69   -454.86  -98.14   -349.11  0.00     0.00     0.00     -20.32   -0.00    0.00     1.11     -786.62 
254      0.61     10.17    129.31   -462.10  -94.94   -349.55  0.00     0.00     0.00     -22.23   -0.00    0.00     0.56     -798.96 
255      0.65     10.02    111.72   -450.26  -91.99   -352.09  0.00     0.00     0.00     -21.10   -0.00    0.00     0.78     -802.95 
256      0.53     10.34    126.80   -455.81  -93.67   -350.64  0.00     0.00     0.00     -20.39   -0.00    0.00     1.12     -792.58 
257      0.59     10.16    140.12   -456.41  -92.78   -348.97  0.00     0.00     0.00     -19.99   -0.00    0.00     0.89     -777.14 
258      0.63     10.23    139.59   -450.46  -92.40   -349.84  0.00     0.00     0.00     -19.50   -0.00    0.00     1.03     -771.59 
259      0.63     10.30    118.12   -450.18  -92.47   -350.93  0.00     0.00     0.00     -19.44   -0.00    0.00     0.81     -794.09 
260      0.65     10.29    129.16   -456.17  -97.29   -346.50  0.00     0.00     0.00     -19.87   -0.00    0.00     1.17     -789.50 
261      0.67     10.24    130.91   -460.18  -96.01   -353.29  0.00     0.00     0.00     -21.13   -0.00    0.00     0.76     -798.94 
262      0.72     10.17    126.39   -451.26  -96.12   -352.21  0.00     0.00     0.00     -21.23   0.00     0.00     1.10     -793.33 
263      0.61     10.55    123.80   -455.07  -92.43   -351.99  0.00     0.00     0.00     -20.60   -0.00    0.00     1.04     -795.24 
264      0.69     10.36    129.79   -450.57  -89.74   -352.04  0.00     0.00     0.00     -19.06   -0.00    0.00     0.86     -780.76 
265      0.69     10.33    114.18   -452.99  -96.23   -354.52  0.00     0.00     0.00     -19.50   -0.00    0.00     0.94     -808.12 
266      0.69     10.05    120.82   -457.22  -93.74   -351.95  0.00     0.00     0.00     -20.49   -0.00    0.00     1.22     -801.36 
267      0.60     10.20    136.29   -453.72  -103.46  -355.56  0.00     0.00     0.00     -20.74   -0.00    0.00     0.95     -796.25 
268      0.65     10.32    120.11   -458.92  -92.00   -353.02  0.00     0.00     0.00     -21.92   0.00     0.00     1.20     -804.55 
269      0.66     10.49    124.28   -457.63  -92.83   -351.55  0.00     0.00     0.00     -18.00   -0.00    0.00     1.10     -794.64 
270      0.68     10.38    138.03   -456.67  -93.92   -351.34  0.00     0.00     0.00     -19.31   -0.00    0.00     0.80     -782.41 
271      0.67     10.27    125.34   -459.06  -89.67   -354.51  0.00     0.00     0.00     -22.19   -0.00    0.00     1.11     -798.97 
272      0.69     10.37    123.09   -455.34  -91.67   -350.79  0.00     0.00     0.00     -17.24   -0.00    0.00     1.31     -790.65 
273      0.67     10.18    145.52   -459.99  -99.23   -351.65  0.00     0.00     0.00     -19.71   -0.00    0.00     0.67     -784.40 
274      0.60     10.52    132.41   -453.71  -88.26   -350.54  0.00     0.00     0.00     -18.77   -0.00    0.00     1.46     -777.41 
275      0.60     10.81    122.64   -454.07  -86.74   -353.61  0.00     0.00     0.00     -21.21   -0.00    0.00     1.30     -791.69 
276      0.61     10.64    128.67   -464.29  -92.38   -352.53  0.00     0.00     0.00     -19.56   -0.00    0.00     1.41     -798.68 
277      0.65     10.64    135.33   -458.59  -91.83   -351.88  0.00     0.00     0.00     -18.39   -0.00    0.00     1.13     -784.23 
278      0.69     10.27    136.37   -461.70  -92.22   -353.87  0.00     0.00     0.00     -20.13   -0.00    0.00     1.15     -790.41 
279      0.56     10.43    128.13   -453.90  -92.76   -348.78  0.00     0.00     0.00     -18.73   -0.00    0.00     1.23     -784.81 
280      0.75     10.01    121.22   -446.01  -95.64   -353.38  0.00     0.00     0.00     -21.35   -0.00    0.00     0.56     -794.61 
281      0.61     10.64    121.87   -457.06  -94.23   -353.36  0.00     0.00     0.00     -19.90   -0.00    0.00     0.61     -802.07 
282      0.69     10.31    128.06   -459.60  -92.98   -349.32  0.00     0.00     0.00     -19.01   -0.00    0.00     0.78     -792.07 
283      0.57     10.29    129.46   -463.24  -95.87   -349.26  0.00     0.00     0.00     -19.19   -0.00    0.00     1.12     -796.97 
284      0.60     10.51    127.07   -452.75  -85.84   -351.96  0.00     0.00     0.00     -22.74   -0.00    0.00     1.39     -784.84 
285      0.62     10.63    127.19   -452.47  -85.36   -351.23  0.00     0.00     0.00     -22.35   -0.00    0.00     1.52     -782.70 
286      0.68     10.21    129.33   -457.35  -94.45   -353.28  0.00     0.00     0.00     -19.87   -0.00    0.00     1.19     -794.44 
287      0.57     10.13    137.13   -465.42  -99.74   -348.96  0.00     0.00     0.00     -19.65   0.00     0.00     0.90     -795.74 
288      0.63     10.89    121.97   -449.14  -87.92   -353.87  0.00     0.00     0.00     -19.98   0.00     0.00     0.99     -787.94 
289      0.54     10.78    127.34   -453.13  -84.53   -350.92  0.00     0.00     0.00     -21.35   -0.00    0.00     1.76     -780.84 
290      0.60     10.61    132.32   -455.35  -88.55   -349.30  0.00     0.00     0.00     -22.11   -0.00    0.00     0.87     -782.13 
291      0.65     10.57    127.71   -460.60  -89.71   -348.83  0.00     0.00     0.00     -19.74   0.00     0.00     1.11     -790.06 
292      0.55     10.84    130.74   -449.88  -87.49   -348.26  0.00     0.00     0.00     -21.07   0.00     0.00     1.10     -774.85 
293      0.67     10.43    133.05   -450.71  -94.13   -353.42  0.00     0.00     0.00     -21.70   0.00     0.00     0.99     -785.93 
294      0.61     10.57    135.88   -447.53  -86.31   -355.20  0.00     0.00     0.00     -22.55   0.00     0.00     1.13     -774.58 
295      0.66     10.30    131.10   -453.56  -90.56   -350.75  0.00     0.00     0.00     -22.45   0.00     0.00     1.35     -784.87 
296      0.71     10.45    131.38   -450.43  -88.49   -352.69  0.00     0.00     0.00     -21.38   0.00     0.00     1.30     -780.30 
297      0.64     10.56    119.19   -462.31  -94.19   -352.41  0.00     0.00     0.00     -18.62   0.00     0.00     1.13     -807.21 
298      0.65     10.56    135.59   -457.49  -87.31   -351.91  0.00     0.00     0.00     -22.09   0.00     0.00     1.37     -781.85 
299      0.68     10.09    141.05   -455.97  -87.85   -346.60  0.00     0.00     0.00     -20.67   0.00     0.00     1.35     -768.69 
300      0.66     10.15    132.98   -459.59  -97.69   -351.59  0.00     0.00     0.00     -20.85   0.00     0.00     1.27     -795.45 
301      0.66     10.61    130.02   -461.58  -92.81   -353.02  0.00     0.00     0.00     -18.44   0.00     0.00     1.48     -794.35 
302      0.63     10.17    137.02   -455.20  -92.62   -351.19  0.00     0.00     0.00     -22.25   -0.00    0.00     1.08     -783.16 
303      0.69     10.35    117.23   -444.89  -94.19   -353.63  0.00     0.00     0.00     -20.71   0.00     0.00     0.80     -795.39 
304      0.72     10.42    111.42   -452.99  -94.02   -353.34  0.00     0.00     0.00     -22.62   0.00     0.00     1.75     -809.80 
305      0.65     10.46    132.04   -460.76  -97.05   -352.32  0.00     0.00     0.00     -21.61   -0.00    0.00     1.45     -798.26 
306      0.73     10.41    127.67   -448.96  -95.74   -353.55  0.00     0.00     0.00     -19.78   -0.00    0.00     1.69     -788.68 
307      0.59     9.92     119.97   -458.73  -95.67   -349.78  0.00     0.00     0.00     -19.52   -0.00    0.00     0.91     -802.82 
308      0.67     10.07    135.68   -459.13  -100.36  -350.86  0.00     0.00     0.00     -18.98   -0.00    0.00     1.13     -792.51 
309      0.59     10.59    125.39   -464.98  -88.90   -352.60  0.00     0.00     0.00     -22.41   -0.00    0.00     1.22     -802.29 
310      0.69     10.44    119.83   -455.71  -95.99   -350.09  0.00     0.00     0.00     -17.33   -0.00    0.00     1.62     -797.68 
311      0.64     10.36    129.98   -449.85  -91.85   -351.13  0.00     0.00     0.00     -21.72   -0.00    0.00     1.79     -782.79 
312      0.70     10.25    131.74   -451.48  -91.51   -345.68  0.00     0.00     0.00     -19.03   0.00     0.00     1.15     -774.81 
313      0.69     10.12    126.21   -454.74  -94.79   -351.60  0.00     0.00     0.00     -20.46   0.00     0.00     1.44     -793.94 
314      0.72     10.09    135.12   -450.13  -90.12   -350.76  0.00     0.00     0.00     -20.47   -0.00    0.00     1.35     -775.00 
315      0.68     10.35    121.21   -450.93  -94.02   -345.33  0.00     0.00     0.00     -19.83   0.00     0.00     1.23     -787.66 
316      0.64     10.26    131.54   -455.93  -91.09   -353.02  0.00     0.00     0.00     -21.42   -0.00    0.00     1.47     -788.44 
317      0.65     10.54    122.40   -454.13  -90.99   -353.68  0.00     0.00     0.00     -20.32   -0.00    0.00     1.28     -795.45 
318      0.66     10.00    119.71   -456.10  -89.57   -353.76  0.00     0.00     0.00     -21.42   -0.00    0.00     1.08     -800.06 
319      0.62     10.00    132.46   -459.29  -98.70   -350.83  0.00     0.00     0.00     -18.73   -0.00    0.00     1.33     -793.76 
320      0.71     10.20    132.13   -458.17  -93.78   -351.22  0.00     0.00     0.00     -19.16   0.00     0.00     1.11     -789.08 
321      0.62     10.38    127.58   -456.04  -94.55   -346.54  0.00     0.00     0.00     -18.38   -0.00    0.00     1.26     -786.67 
322      0.68     10.18    135.62   -457.14  -98.25   -350.99  0.00     0.00     0.00     -19.71   -0.00    0.00     0.83     -789.65 
323      0.67     10.22    125.67   -456.29  -94.36   -353.54  0.00     0.00     0.00     -18.15   -0.00    0.00     1.09     -795.58 
324      0.65     10.17    142.57   -450.47  -90.38   -352.31  0.00     0.00     0.00     -19.66   0.00     0.00     1.04     -769.21 
325      0.55     11.14    120.48   -453.89  -88.43   -348.11  0.00     0.00     0.00     -20.19   0.00     0.00     1.61     -788.54 
326      0.60     10.77    128.46   -455.29  -87.11   -354.69  0.00     0.00     0.00     -21.22   -0.00    0.00     1.18     -788.68 
327      0.63     10.44    126.62   -459.49  -91.20   -350.25  0.00     0.00     0.00     -19.78   -0.00    0.00     1.02     -793.07 
328      0.61     10.07    131.08   -455.52  -96.26   -351.06  0.00     0.00     0.00     -18.75   -0.00    0.00     1.09     -789.42 
329      0.61     10.21    125.42   -449.84  -96.13   -353.71  0.00     0.00     0.00     -18.71   -0.00    0.00     1.31     -791.66 
330      0.70     9.99     117.67   -458.26  -94.86   -349.05  0.00     0.00     0.00     -22.67   -0.00    0.00     0.96     -806.22 
331      0.63     10.21    120.30   -453.48  -91.90   -353.77  0.00     0.00     0.00     -20.50   -0.00    0.00     0.98     -798.36 
332      0.69     10.18    135.50   -451.63  -97.64   -353.41  0.00     0.00     0.00     -19.40   0.00     0.00     1.11     -785.48 
333      0.67     10.33    122.12   -457.79  -95.75   -351.78  0.00     0.00     0.00     -18.84   0.00     0.00     1.12     -800.91 
334      0.63     10.35    126.96   -460.46  -90.83   -352.86  0.00     0.00     0.00     -18.74   -0.00    0.00     1.07     -794.86 
335      0.70     10.42    126.07   -452.51  -91.07   -350.36  0.00     0.00     0.00     -19.77   -0.00    0.00     1.27     -786.37 
336      0.58     10.59    126.01   -456.70  -88.24   -353.23  0.00     0.00     0.00     -20.30   0.00     0.00     1.08     -791.37 
337      0.60     10.32    125.19   -460.79  -93.78   -351.07  0.00     0.00     0.00     -18.43   -0.00    0.00     1.03     -797.84 
338      0.59     10.36    125.70   -455.53  -93.62   -352.06  0.00     0.00     0.00     -20.36   -0.00    0.00     0.97     -794.91 
339      0.69     10.20    134.48   -457.72  -95.99   -354.27  0.00     0.00     0.00     -22.31   0.00     0.00     0.88     -794.94 
340      0.73     10.34    121.81   -458.15  -95.88   -352.58  0.00     0.00     0.00     -18.64   -0.00    0.00     1.05     -802.40 
341      0.68     10.31    142.22   -457.84  -89.31   -353.05  0.00     0.00     0.00     -19.14   -0.00    0.00     0.72     -776.41 
342      0.63     10.22    130.76   -450.46  -97.62   -350.41  0.00     0.00     0.00     -18.73   -0.00    0.00     1.33     -785.14 
343      0.59     10.00    135.12   -463.11  -107.42  -351.83  0.00     0.00     0.00     -19.53   -0.00    0.00     0.81     -805.96 
344      0.59     10.43    139.21   -456.97  -92.16   -351.90  0.00     0.00     0.00     -21.09   -0.00    0.00     1.36     -781.54 
345      0.57     10.30    123.92   -456.59  -100.88  -347.92  0.00     0.00     0.00     -17.31   -0.00    0.00     1.14     -797.63 
346      0.65     10.18    118.85   -454.73  -95.85   -351.23  0.00     0.00     0.00     -18.34   0.00     0.00     1.06     -800.25 
347      0.61     10.45    143.00   -456.62  -90.40   -351.23  0.00     0.00     0.00     -22.17   -0.00    0.00     1.35     -776.07 
348      0.61     10.19    127.07   -454.93  -99.54   -350.41  0.00     0.00     0.00     -20.86   0.00     0.00     1.09     -797.60 
349      0.70     10.19    141.25   -459.29  -93.51   -351.88  0.00     0.00     0.00     -19.11   0.00     0.00     1.26     -781.29 
350      0.64     10.45    123.51   -456.68  -91.37   -353.74  0.00     0.00     0.00     -20.70   0.00     0.00     0.83     -798.16 
351      0.68     10.32    120.92   -460.30  -95.05   -352.28  0.00     0.00     0.00     -21.75   0.00     0.00     0.87     -807.58 
352      0.70     10.25    122.85   -453.45  -98.90   -351.99  0.00     0.00     0.00     -18.29   0.00     0.00     0.85     -798.94 
353      0.62     10.44    150.56   -461.24  -85.43   -351.63  0.00     0.00     0.00     -21.43   0.00     0.00     0.99     -768.18 
354      0.59     10.27    127.06   -453.47  -87.19   -354.81  0.00     0.00     0.00     -21.17   -0.00    0.00     1.02     -788.57 
355      0.62     10.69    131.90   -455.20  -91.47   -353.53  0.00     0.00     0.00     -19.07   -0.00    0.00     1.46     -785.92 
356      0.73     9.97     122.72   -457.43  -97.62   -351.12  0.00     0.00     0.00     -20.20   0.00     0.00     0.89     -802.76 
357      0.52     10.73    119.47   -454.16  -84.87   -353.24  0.00     0.00     0.00     -21.79   0.00     0.00     1.10     -793.50 
358      0.62     10.24    134.43   -453.43  -97.27   -352.00  0.00     0.00     0.00     -20.30   -0.00    0.00     1.32     -787.25 
359      0.65     10.13    137.28   -455.56  -88.54   -352.29  0.00     0.00     0.00     -20.34   0.00     0.00     1.11     -778.33 
360      0.66     10.39    132.16   -460.56  -92.71   -352.56  0.00     0.00     0.00     -20.05   -0.00    0.00     0.50     -793.22 
361      0.60     10.46    129.89   -455.56  -90.20   -348.49  0.00     0.00     0.00     -18.27   -0.00    0.00     1.08     -781.55 
362      0.63     10.27    128.91   -457.59  -96.25   -348.33  0.00     0.00     0.00     -20.57   -0.00    0.00     0.70     -793.13 
363      0.70     10.17    123.85   -459.24  -96.61   -355.37  0.00     0.00     0.00     -20.13   0.00     0.00     1.32     -806.18 
364      0.63     10.35    115.19   -457.33  -94.65   -354.65  0.00     0.00     0.00     -19.31   -0.00    0.00     1.04     -809.71 
365      0.56     10.47    125.50   -448.34  -92.86   -354.06  0.00     0.00     0.00     -21.03   -0.00    0.00     1.22     -789.57 
366      0.60     10.42    133.72   -453.38  -91.46   -350.95  0.00     0.00     0.00     -19.69   -0.00    0.00     1.02     -780.75 
367      0.51     10.41    130.98   -440.91  -92.30   -351.41  0.00     0.00     0.00     -20.75   -0.00    0.00     0.76     -773.62 
368      0.65     9.90     144.51   -456.55  -94.40   -351.70  0.00     0.00     0.00     -20.27   -0.00    0.00     1.10     -777.31 
369      0.66     10.27    125.24   -456.90  -96.08   -349.18  0.00     0.00     0.00     -20.22   -0.00    0.00     0.77     -796.36 
370      0.57     10.43    111.39   -458.66  -93.74   -350.31  0.00     0.00     0.00     -20.26   -0.00    0.00     1.04     -810.54 
371      0.58     10.28    123.62   -456.22  -91.97   -352.31  0.00     0.00     0.00     -21.23   -0.00    0.00     1.33     -796.76 
372      0.59     10.01    117.39   -453.12  -85.39   -352.91  0.00     0.00     0.00     -22.37   -0.00    0.00     0.77     -795.62 
373      0.61     10.54    143.55   -448.95  -90.47   -353.94  0.00     0.00     0.00     -20.73   0.00     0.00     1.31     -769.22 
374      0.57     10.33    138.06   -452.28  -91.37   -350.89  0.00     0.00     0.00     -19.06   0.00     0.00     0.94     -774.60 
375      0.55     10.61    129.06   -458.18  -86.10   -354.31  0.00     0.00     0.00     -19.21   -0.00    0.00     1.16     -787.57 
376      0.65     10.46    118.23   -452.37  -90.60   -349.53  0.00     0.00     0.00     -18.18   0.00     0.00     0.80     -791.65 
377      0.64     10.46    128.02   -458.23  -87.12   -354.34  0.00     0.00     0.00     -21.24   0.00     0.00     0.98     -791.93 
378      0.67     10.53    140.18   -462.36  -91.38   -350.17  0.00     0.00     0.00     -19.11   -0.00    0.00     1.10     -781.74 
379      0.67     10.05    117.63   -461.37  -98.82   -350.79  0.00     0.00     0.00     -20.61   -0.00    0.00     1.09     -812.88 
380      0.62     9.91     117.62   -453.81  -94.69   -351.41  0.00     0.00     0.00     -20.04   -0.00    0.00     0.95     -801.37 
381      0.63     10.27    127.91   -451.85  -90.68   -347.35  0.00     0.00     0.00     -20.72   -0.00    0.00     0.99     -781.70 
382      0.64     10.17    153.77   -456.59  -93.49   -352.06  0.00     0.00     0.00     -20.73   -0.00    0.00     0.66     -768.44 
383      0.65     10.30    130.86   -458.60  -91.39   -350.94  0.00     0.00     0.00     -19.01   -0.00    0.00     1.09     -788.00 
384      0.65     10.62    123.97   -459.42  -90.75   -353.71  0.00     0.00     0.00     -19.86   0.00     0.00     1.24     -798.53 
385      0.62     10.33    138.23   -457.05  -92.35   -351.01  0.00     0.00     0.00     -19.58   -0.00    0.00     1.07     -780.68 
386      0.72     10.22    121.95   -459.96  -98.90   -352.26  0.00     0.00     0.00     -20.32   0.00     0.00     0.80     -808.68 
387      0.69     10.01    143.31   -456.48  -98.93   -353.83  0.00     0.00     0.00     -22.25   -0.00    0.00     0.79     -787.39 
388      0.68     10.21    132.68   -458.87  -92.22   -351.83  0.00     0.00     0.00     -21.35   -0.00    0.00     1.54     -790.05 
389      0.63     10.07    124.07   -449.61  -95.67   -348.82  0.00     0.00     0.00     -18.56   -0.00    0.00     1.08     -787.52 
390      0.64     10.10    121.10   -458.40  -97.32   -352.52  0.00     0.00     0.00     -20.75   -0.00    0.00     0.77     -807.11 
391      0.64     10.56    130.05   -458.92  -87.78   -351.24  0.00     0.00     0.00     -19.85   -0.00    0.00     1.13     -786.61 
392      0.64     10.42    127.71   -460.76  -94.15   -345.65  0.00     0.00     0.00     -19.34   -0.00    0.00     0.72     -791.47 
393      0.63     10.40    126.23   -460.05  -97.25   -348.28  0.00     0.00     0.00     -18.67   -0.00    0.00     0.81     -797.23 
394      0.63     10.28    138.78   -453.61  -89.85   -353.54  0.00     0.00     0.00     -22.25   -0.00    0.00     1.03     -779.45 
395      0.61     10.59    113.05   -454.74  -94.20   -352.73  0.00     0.00     0.00     -19.83   -0.00    0.00     1.68     -806.77 
396      0.67     10.22    129.95   -458.16  -92.74   -353.47  0.00     0.00     0.00     -20.45   -0.00    0.00     1.42     -793.45 
397      0.59     10.39    133.46   -447.90  -91.40   -347.68  0.00     0.00     0.00     -21.10   -0.00    0.00     1.03     -773.58 
398      0.54     11.27    120.01   -458.19  -81.96   -349.53  0.00     0.00     0.00     -21.55   0.00     0.00     1.07     -790.15 
399      0.61     10.03    135.37   -453.88  -93.06   -354.71  0.00     0.00     0.00     -20.47   -0.00    0.00     0.92     -785.82 
400      0.64     10.30    131.17   -461.93  -93.61   -354.81  0.00     0.00     0.00     -19.59   -0.00    0.00     0.83     -797.93 
401      0.60     10.49    124.17   -457.29  -92.53   -352.07  0.00     0.00     0.00     -18.63   -0.00    0.00     1.06     -795.29 
