Steps    Q        Rg       Backbone Rama     Contact  Fragment Membrane ER       TBM_Q    Beta     Pap      Helical  Debye_huckel Total   
0        1.00     10.06    80.42    -357.54  -74.08   -363.62  0.00     0.00     0.00     -23.45   0.00     0.00     0.74     -737.53 
1        0.96     10.09    4.42     -441.56  -87.60   -363.93  0.00     0.00     0.00     -24.63   -0.00    0.00     0.98     -912.33 
2        0.56     10.25    137.20   -451.31  -94.93   -354.72  0.00     0.00     0.00     -19.29   -0.00    0.00     1.13     -781.91 
3        0.64     10.46    124.94   -457.39  -96.05   -353.89  0.00     0.00     0.00     -20.18   -0.00    0.00     1.46     -801.09 
4        0.60     10.53    138.91   -453.38  -86.76   -351.25  0.00     0.00     0.00     -20.08   -0.00    0.00     1.07     -771.51 
5        0.71     10.18    131.04   -458.86  -90.28   -354.19  0.00     0.00     0.00     -20.46   -0.00    0.00     0.90     -791.84 
6        0.56     10.20    129.99   -457.33  -87.80   -351.65  0.00     0.00     0.00     -20.48   -0.00    0.00     1.07     -786.20 
7        0.56     11.09    117.31   -460.70  -87.98   -347.61  0.00     0.00     0.00     -21.25   -0.00    0.00     1.45     -798.78 
8        0.58     10.45    150.27   -454.20  -92.38   -348.45  0.00     0.00     0.00     -18.93   -0.00    0.00     0.99     -762.70 
9        0.68     10.24    139.77   -450.63  -93.02   -352.04  0.00     0.00     0.00     -19.60   -0.00    0.00     1.02     -774.50 
10       0.62     10.33    105.88   -458.12  -93.95   -351.71  0.00     0.00     0.00     -22.28   -0.00    0.00     1.04     -819.14 
11       0.59     10.55    133.92   -463.06  -94.28   -349.91  0.00     0.00     0.00     -19.51   0.00     0.00     1.07     -791.76 
12       0.64     10.39    142.35   -458.72  -95.09   -346.92  0.00     0.00     0.00     -18.00   -0.00    0.00     0.96     -775.42 
13       0.66     10.29    118.20   -457.53  -96.15   -352.72  0.00     0.00     0.00     -20.78   -0.00    0.00     0.94     -808.04 
14       0.68     10.24    132.78   -460.62  -95.20   -352.48  0.00     0.00     0.00     -21.76   0.00     0.00     1.22     -796.06 
15       0.57     10.50    129.49   -454.18  -94.08   -353.05  0.00     0.00     0.00     -19.73   -0.00    0.00     1.45     -790.11 
16       0.64     10.15    129.23   -454.67  -91.63   -354.20  0.00     0.00     0.00     -22.48   -0.00    0.00     1.01     -792.74 
17       0.72     10.51    142.49   -449.64  -91.56   -354.08  0.00     0.00     0.00     -20.65   -0.00    0.00     1.27     -772.17 
18       0.60     10.42    127.21   -460.92  -85.90   -351.81  0.00     0.00     0.00     -21.66   -0.00    0.00     1.26     -791.83 
19       0.65     10.20    120.79   -451.64  -92.32   -355.79  0.00     0.00     0.00     -20.24   -0.00    0.00     0.86     -798.33 
20       0.64     10.48    107.46   -456.69  -92.52   -345.12  0.00     0.00     0.00     -18.94   0.00     0.00     1.11     -804.70 
21       0.62     10.18    142.76   -454.94  -92.56   -347.99  0.00     0.00     0.00     -21.80   -0.00    0.00     0.54     -773.99 
22       0.70     10.11    133.55   -458.20  -98.45   -353.74  0.00     0.00     0.00     -18.38   -0.00    0.00     1.07     -794.15 
23       0.70     10.46    129.34   -459.82  -90.98   -351.01  0.00     0.00     0.00     -20.15   -0.00    0.00     1.22     -791.40 
24       0.70     10.32    133.40   -458.41  -91.13   -349.80  0.00     0.00     0.00     -21.55   -0.00    0.00     1.00     -786.49 
25       0.68     10.25    124.10   -456.30  -94.32   -351.79  0.00     0.00     0.00     -18.28   -0.00    0.00     1.04     -795.55 
26       0.62     10.14    127.89   -454.24  -95.26   -354.19  0.00     0.00     0.00     -20.96   -0.00    0.00     0.97     -795.81 
27       0.59     10.22    120.03   -459.77  -89.19   -352.68  0.00     0.00     0.00     -20.93   0.00     0.00     0.39     -802.15 
28       0.67     10.38    138.45   -452.91  -92.36   -352.06  0.00     0.00     0.00     -20.28   -0.00    0.00     0.97     -778.19 
29       0.71     10.00    119.33   -456.33  -101.80  -353.09  0.00     0.00     0.00     -21.06   0.00     0.00     1.00     -811.96 
30       0.56     10.91    125.31   -457.71  -85.53   -351.00  0.00     0.00     0.00     -21.48   -0.00    0.00     1.06     -789.35 
31       0.59     9.96     122.33   -450.83  -92.40   -355.32  0.00     0.00     0.00     -22.05   -0.00    0.00     0.70     -797.57 
32       0.61     10.18    128.49   -453.99  -93.99   -353.87  0.00     0.00     0.00     -18.79   -0.00    0.00     1.14     -791.02 
33       0.58     10.16    135.04   -457.93  -97.25   -348.28  0.00     0.00     0.00     -19.01   -0.00    0.00     1.26     -786.17 
34       0.60     10.28    135.47   -455.29  -90.39   -353.50  0.00     0.00     0.00     -21.51   -0.00    0.00     0.98     -784.25 
35       0.63     10.38    132.71   -458.86  -96.09   -354.81  0.00     0.00     0.00     -19.13   -0.00    0.00     1.06     -795.11 
36       0.56     10.90    120.81   -451.33  -87.47   -349.24  0.00     0.00     0.00     -20.43   -0.00    0.00     1.20     -786.45 
37       0.63     10.17    136.98   -449.93  -97.95   -352.45  0.00     0.00     0.00     -18.45   -0.00    0.00     0.60     -781.20 
38       0.64     10.15    115.86   -454.02  -95.48   -350.26  0.00     0.00     0.00     -19.63   -0.00    0.00     1.05     -802.48 
39       0.55     10.37    137.19   -453.20  -94.23   -346.48  0.00     0.00     0.00     -17.99   -0.00    0.00     0.87     -773.83 
40       0.64     10.58    130.42   -453.68  -85.99   -353.75  0.00     0.00     0.00     -20.29   -0.00    0.00     0.98     -782.30 
41       0.70     9.81     134.97   -455.55  -92.12   -352.53  0.00     0.00     0.00     -21.01   -0.00    0.00     0.60     -785.64 
42       0.66     10.15    131.67   -445.30  -95.43   -351.76  0.00     0.00     0.00     -19.37   -0.00    0.00     1.38     -778.80 
43       0.63     10.32    143.73   -457.03  -91.65   -355.59  0.00     0.00     0.00     -20.64   -0.00    0.00     1.39     -779.79 
44       0.70     10.29    133.51   -458.13  -89.12   -353.17  0.00     0.00     0.00     -18.74   -0.00    0.00     1.15     -784.51 
45       0.65     9.93     135.96   -456.79  -95.22   -350.75  0.00     0.00     0.00     -21.89   -0.00    0.00     0.83     -787.85 
46       0.67     10.15    129.08   -456.93  -91.80   -347.78  0.00     0.00     0.00     -22.54   -0.00    0.00     1.34     -788.64 
47       0.68     10.31    137.50   -459.04  -92.83   -352.08  0.00     0.00     0.00     -20.27   -0.00    0.00     1.01     -785.72 
48       0.57     10.44    109.00   -458.03  -88.78   -350.95  0.00     0.00     0.00     -19.15   -0.00    0.00     1.03     -806.88 
49       0.66     10.38    133.60   -460.62  -91.85   -352.46  0.00     0.00     0.00     -21.28   -0.00    0.00     1.07     -791.54 
50       0.53     10.83    119.50   -460.72  -88.60   -348.50  0.00     0.00     0.00     -21.22   -0.00    0.00     1.30     -798.25 
51       0.60     10.22    142.54   -459.33  -93.84   -351.75  0.00     0.00     0.00     -21.36   -0.00    0.00     0.88     -782.85 
52       0.67     10.21    129.91   -450.15  -94.85   -349.44  0.00     0.00     0.00     -21.06   -0.00    0.00     1.10     -784.49 
53       0.60     10.57    122.74   -461.81  -85.71   -352.43  0.00     0.00     0.00     -18.85   -0.00    0.00     1.26     -794.82 
54       0.70     10.38    135.65   -459.81  -89.17   -350.51  0.00     0.00     0.00     -21.08   -0.00    0.00     1.17     -783.74 
55       0.65     10.30    135.00   -455.58  -92.99   -350.89  0.00     0.00     0.00     -20.95   -0.00    0.00     0.84     -784.56 
56       0.65     10.29    122.63   -458.50  -92.86   -350.80  0.00     0.00     0.00     -18.57   -0.00    0.00     0.68     -797.41 
57       0.63     10.35    135.76   -455.59  -94.30   -351.97  0.00     0.00     0.00     -19.45   -0.00    0.00     0.83     -784.72 
58       0.54     10.55    102.80   -449.95  -90.89   -355.58  0.00     0.00     0.00     -20.98   -0.00    0.00     1.14     -813.45 
59       0.64     10.23    107.20   -451.03  -89.88   -347.55  0.00     0.00     0.00     -20.94   -0.00    0.00     0.95     -801.24 
60       0.68     10.46    120.26   -449.00  -88.08   -352.30  0.00     0.00     0.00     -20.34   -0.00    0.00     1.06     -788.40 
61       0.62     10.55    119.15   -450.69  -83.74   -354.39  0.00     0.00     0.00     -22.04   -0.00    0.00     1.29     -790.40 
62       0.69     10.35    129.00   -455.32  -92.80   -351.61  0.00     0.00     0.00     -20.38   -0.00    0.00     0.33     -790.79 
63       0.69     10.03    123.95   -452.35  -92.79   -347.56  0.00     0.00     0.00     -20.29   0.00     0.00     0.66     -788.37 
64       0.60     10.10    134.01   -451.04  -95.69   -352.94  0.00     0.00     0.00     -20.23   -0.00    0.00     0.57     -785.32 
65       0.61     10.23    136.53   -457.18  -91.47   -355.59  0.00     0.00     0.00     -21.21   -0.00    0.00     0.90     -788.02 
66       0.67     10.31    133.83   -456.93  -90.38   -352.21  0.00     0.00     0.00     -19.03   -0.00    0.00     1.41     -783.32 
67       0.69     10.28    121.15   -457.16  -96.58   -356.13  0.00     0.00     0.00     -21.65   -0.00    0.00     1.01     -809.37 
68       0.68     10.28    143.73   -455.31  -95.89   -349.10  0.00     0.00     0.00     -19.50   -0.00    0.00     0.87     -775.19 
69       0.71     10.16    124.69   -458.46  -93.40   -354.05  0.00     0.00     0.00     -22.02   -0.00    0.00     1.27     -801.97 
70       0.60     10.46    117.63   -459.22  -90.91   -354.44  0.00     0.00     0.00     -21.67   -0.00    0.00     0.95     -807.66 
71       0.70     10.27    126.17   -450.58  -92.74   -349.11  0.00     0.00     0.00     -20.08   -0.00    0.00     1.40     -784.94 
72       0.61     10.48    137.90   -459.93  -87.44   -353.68  0.00     0.00     0.00     -19.10   -0.00    0.00     1.19     -781.07 
73       0.70     10.41    111.05   -452.11  -93.09   -351.00  0.00     0.00     0.00     -19.04   -0.00    0.00     0.92     -803.27 
74       0.63     10.44    123.98   -459.93  -89.14   -348.59  0.00     0.00     0.00     -20.18   -0.00    0.00     1.20     -792.67 
75       0.60     10.25    139.93   -454.79  -95.87   -352.24  0.00     0.00     0.00     -20.67   -0.00    0.00     1.51     -782.14 
76       0.58     10.78    118.63   -452.00  -88.89   -351.79  0.00     0.00     0.00     -19.39   0.00     0.00     1.22     -792.22 
77       0.66     10.42    128.45   -457.68  -91.03   -352.31  0.00     0.00     0.00     -20.60   -0.00    0.00     1.40     -791.76 
78       0.64     10.03    111.98   -459.40  -96.52   -349.84  0.00     0.00     0.00     -20.62   -0.00    0.00     0.99     -813.42 
79       0.64     10.52    130.11   -452.40  -85.21   -351.85  0.00     0.00     0.00     -22.35   -0.00    0.00     1.51     -780.19 
80       0.66     10.21    119.20   -453.94  -94.53   -352.28  0.00     0.00     0.00     -21.65   -0.00    0.00     1.64     -801.56 
81       0.68     10.23    129.80   -454.78  -90.63   -353.81  0.00     0.00     0.00     -21.99   0.00     0.00     1.38     -790.03 
82       0.70     10.45    123.13   -460.97  -87.63   -351.05  0.00     0.00     0.00     -22.80   0.00     0.00     1.61     -797.71 
83       0.65     10.50    126.29   -460.42  -89.85   -351.71  0.00     0.00     0.00     -21.14   0.00     0.00     1.00     -795.83 
84       0.66     10.19    111.62   -460.72  -98.06   -351.40  0.00     0.00     0.00     -18.99   0.00     0.00     0.69     -816.86 
85       0.51     10.96    133.10   -456.43  -86.15   -344.66  0.00     0.00     0.00     -18.58   -0.00    0.00     1.59     -771.12 
86       0.65     10.30    139.72   -459.81  -85.35   -350.22  0.00     0.00     0.00     -20.48   0.00     0.00     1.36     -774.78 
87       0.66     10.38    125.35   -455.31  -88.97   -351.51  0.00     0.00     0.00     -21.47   -0.00    0.00     0.97     -790.95 
88       0.67     10.47    131.83   -459.63  -93.07   -353.29  0.00     0.00     0.00     -21.74   0.00     0.00     1.28     -794.61 
89       0.70     10.34    131.34   -455.99  -87.33   -349.23  0.00     0.00     0.00     -22.14   -0.00    0.00     1.43     -781.91 
90       0.69     10.38    131.35   -456.50  -93.08   -350.06  0.00     0.00     0.00     -20.84   -0.00    0.00     0.93     -788.19 
91       0.63     10.25    123.68   -450.45  -94.33   -349.72  0.00     0.00     0.00     -21.61   0.00     0.00     1.20     -791.22 
92       0.67     10.20    123.68   -455.06  -92.68   -350.25  0.00     0.00     0.00     -20.63   0.00     0.00     0.92     -794.03 
93       0.61     10.34    129.51   -453.70  -89.78   -346.04  0.00     0.00     0.00     -18.98   -0.00    0.00     1.55     -777.43 
94       0.71     10.13    134.59   -454.93  -93.57   -348.41  0.00     0.00     0.00     -19.92   0.00     0.00     1.12     -781.12 
95       0.64     10.19    128.02   -453.51  -88.27   -351.46  0.00     0.00     0.00     -21.38   -0.00    0.00     1.57     -785.04 
96       0.65     10.22    118.83   -453.62  -91.61   -347.34  0.00     0.00     0.00     -22.47   -0.00    0.00     1.70     -794.51 
97       0.65     10.26    122.10   -453.98  -94.54   -351.40  0.00     0.00     0.00     -20.52   0.00     0.00     1.34     -796.99 
98       0.68     10.47    121.28   -456.55  -89.89   -345.64  0.00     0.00     0.00     -21.39   0.00     0.00     1.19     -791.00 
99       0.66     10.51    129.71   -454.70  -90.77   -352.17  0.00     0.00     0.00     -22.07   -0.00    0.00     1.11     -788.89 
100      0.68     9.99     117.46   -454.95  -100.44  -347.40  0.00     0.00     0.00     -20.92   -0.00    0.00     1.13     -805.12 
101      0.63     10.19    126.54   -455.78  -94.88   -351.64  0.00     0.00     0.00     -20.68   -0.00    0.00     1.04     -795.41 
102      0.63     10.23    128.60   -454.34  -93.54   -352.35  0.00     0.00     0.00     -21.37   -0.00    0.00     0.89     -792.11 
103      0.73     10.41    125.95   -455.11  -97.00   -354.74  0.00     0.00     0.00     -19.03   0.00     0.00     1.46     -798.47 
104      0.62     10.30    131.03   -460.32  -92.31   -351.50  0.00     0.00     0.00     -20.68   -0.00    0.00     1.56     -792.22 
105      0.66     10.55    125.29   -456.43  -89.55   -350.88  0.00     0.00     0.00     -21.14   0.00     0.00     1.58     -791.13 
106      0.69     10.17    135.38   -449.76  -95.52   -355.42  0.00     0.00     0.00     -20.89   0.00     0.00     1.55     -784.65 
107      0.71     10.23    118.72   -459.66  -98.25   -352.65  0.00     0.00     0.00     -20.78   0.00     0.00     1.53     -811.09 
108      0.70     10.30    123.03   -447.66  -91.76   -354.10  0.00     0.00     0.00     -20.99   -0.00    0.00     1.78     -789.70 
109      0.65     10.40    135.24   -456.38  -89.40   -351.96  0.00     0.00     0.00     -20.67   -0.00    0.00     1.13     -782.04 
110      0.64     10.45    141.72   -452.65  -96.71   -349.27  0.00     0.00     0.00     -21.34   -0.00    0.00     1.80     -776.45 
111      0.67     10.48    129.30   -460.34  -90.99   -350.42  0.00     0.00     0.00     -19.08   -0.00    0.00     1.57     -789.97 
112      0.64     10.22    132.05   -453.69  -91.10   -354.37  0.00     0.00     0.00     -22.08   0.00     0.00     1.32     -787.87 
113      0.66     10.19    142.43   -458.48  -96.91   -353.03  0.00     0.00     0.00     -21.04   0.00     0.00     1.34     -785.68 
114      0.63     10.11    131.26   -455.99  -100.02  -349.07  0.00     0.00     0.00     -21.06   0.00     0.00     0.76     -794.10 
115      0.67     10.13    117.07   -454.30  -95.49   -353.38  0.00     0.00     0.00     -19.98   -0.00    0.00     0.95     -805.13 
116      0.61     10.62    142.21   -463.13  -91.71   -350.54  0.00     0.00     0.00     -20.45   0.00     0.00     1.22     -782.40 
117      0.69     10.47    123.28   -461.67  -91.05   -354.23  0.00     0.00     0.00     -19.93   0.00     0.00     1.25     -802.33 
118      0.60     10.65    157.08   -462.35  -90.91   -350.50  0.00     0.00     0.00     -21.42   -0.00    0.00     1.65     -766.45 
119      0.71     10.22    131.28   -457.79  -97.63   -352.45  0.00     0.00     0.00     -19.45   -0.00    0.00     1.43     -794.61 
120      0.65     10.07    121.66   -452.67  -94.41   -350.17  0.00     0.00     0.00     -20.30   0.00     0.00     0.79     -795.10 
121      0.62     10.69    123.03   -454.78  -88.79   -352.31  0.00     0.00     0.00     -19.24   -0.00    0.00     1.10     -790.99 
122      0.63     10.03    140.22   -460.28  -94.56   -352.18  0.00     0.00     0.00     -19.74   0.00     0.00     1.03     -785.51 
123      0.64     10.29    115.45   -457.02  -92.49   -351.68  0.00     0.00     0.00     -19.82   -0.00    0.00     1.46     -804.10 
124      0.63     10.34    148.21   -460.34  -96.51   -353.84  0.00     0.00     0.00     -20.66   -0.00    0.00     1.03     -782.12 
125      0.69     9.99     143.08   -458.96  -97.06   -352.45  0.00     0.00     0.00     -20.77   -0.00    0.00     0.99     -785.16 
126      0.63     10.21    135.86   -454.77  -98.32   -352.23  0.00     0.00     0.00     -22.15   -0.00    0.00     1.21     -790.38 
127      0.59     10.39    119.98   -454.87  -92.84   -349.83  0.00     0.00     0.00     -17.59   0.00     0.00     1.32     -793.82 
128      0.64     10.69    110.91   -459.98  -88.07   -354.17  0.00     0.00     0.00     -19.70   0.00     0.00     1.20     -809.81 
129      0.67     10.32    132.67   -458.19  -90.93   -349.24  0.00     0.00     0.00     -19.12   -0.00    0.00     0.95     -783.86 
130      0.58     10.81    120.79   -452.98  -86.32   -352.51  0.00     0.00     0.00     -21.86   0.00     0.00     1.01     -791.87 
131      0.64     10.35    122.81   -453.47  -93.05   -353.45  0.00     0.00     0.00     -21.04   0.00     0.00     1.06     -797.15 
132      0.64     10.60    121.75   -455.25  -88.38   -353.84  0.00     0.00     0.00     -21.18   -0.00    0.00     1.64     -795.26 
133      0.72     10.30    125.14   -452.35  -92.59   -352.56  0.00     0.00     0.00     -19.25   0.00     0.00     1.72     -789.89 
134      0.65     10.37    122.59   -452.31  -96.43   -348.96  0.00     0.00     0.00     -18.60   0.00     0.00     1.00     -792.72 
135      0.57     10.17    129.11   -459.08  -93.10   -349.75  0.00     0.00     0.00     -18.60   -0.00    0.00     0.58     -790.84 
136      0.71     10.15    121.67   -456.95  -96.80   -354.28  0.00     0.00     0.00     -20.22   -0.00    0.00     0.71     -805.87 
137      0.58     10.28    137.96   -447.98  -88.05   -353.58  0.00     0.00     0.00     -19.36   -0.00    0.00     0.62     -770.39 
138      0.64     10.35    133.87   -454.70  -92.48   -351.84  0.00     0.00     0.00     -20.18   -0.00    0.00     1.18     -784.15 
139      0.64     10.45    119.89   -461.88  -94.10   -355.10  0.00     0.00     0.00     -19.77   -0.00    0.00     0.98     -809.97 
140      0.69     10.28    140.18   -458.13  -90.13   -356.86  0.00     0.00     0.00     -20.08   0.00     0.00     0.99     -784.02 
141      0.67     10.31    122.74   -448.31  -87.18   -345.43  0.00     0.00     0.00     -19.05   -0.00    0.00     1.02     -776.20 
142      0.56     10.38    132.76   -462.46  -93.73   -350.72  0.00     0.00     0.00     -21.43   0.00     0.00     1.22     -794.37 
143      0.66     10.41    117.55   -454.48  -92.08   -352.72  0.00     0.00     0.00     -21.49   -0.00    0.00     1.29     -801.94 
144      0.68     10.35    129.89   -455.62  -92.24   -355.73  0.00     0.00     0.00     -20.27   -0.00    0.00     1.25     -792.72 
145      0.58     10.48    114.30   -451.73  -91.32   -350.34  0.00     0.00     0.00     -20.20   -0.00    0.00     1.10     -798.20 
146      0.65     10.46    117.42   -455.08  -92.05   -347.66  0.00     0.00     0.00     -19.81   -0.00    0.00     0.74     -796.44 
147      0.59     10.52    135.27   -453.74  -91.27   -352.47  0.00     0.00     0.00     -22.49   -0.00    0.00     0.80     -783.91 
148      0.68     10.23    135.97   -457.05  -94.81   -352.01  0.00     0.00     0.00     -20.39   -0.00    0.00     1.01     -787.27 
149      0.67     10.40    137.87   -450.42  -83.48   -350.29  0.00     0.00     0.00     -19.12   -0.00    0.00     1.20     -764.24 
150      0.64     10.19    124.09   -456.37  -97.06   -350.26  0.00     0.00     0.00     -20.38   -0.00    0.00     0.79     -799.18 
151      0.70     10.23    126.66   -449.79  -95.97   -348.48  0.00     0.00     0.00     -17.42   -0.00    0.00     0.61     -784.39 
152      0.62     9.87     116.68   -459.76  -98.67   -349.71  0.00     0.00     0.00     -21.71   -0.00    0.00     0.87     -812.31 
153      0.72     10.14    125.52   -459.92  -98.03   -354.39  0.00     0.00     0.00     -20.43   0.00     0.00     1.35     -805.90 
154      0.65     10.08    124.64   -457.99  -95.32   -349.23  0.00     0.00     0.00     -22.19   -0.00    0.00     0.83     -799.26 
155      0.67     10.30    124.49   -455.72  -92.80   -355.54  0.00     0.00     0.00     -22.43   -0.00    0.00     0.85     -801.15 
156      0.68     10.22    141.68   -460.97  -89.99   -353.69  0.00     0.00     0.00     -20.23   -0.00    0.00     1.03     -782.17 
157      0.60     10.21    125.44   -456.42  -97.66   -351.21  0.00     0.00     0.00     -20.98   -0.00    0.00     1.01     -799.82 
158      0.71     10.12    134.80   -455.88  -97.82   -352.56  0.00     0.00     0.00     -21.55   -0.00    0.00     1.04     -791.96 
159      0.63     10.33    137.29   -461.34  -89.91   -352.79  0.00     0.00     0.00     -21.21   -0.00    0.00     1.19     -786.76 
160      0.66     10.17    128.46   -456.14  -93.50   -347.15  0.00     0.00     0.00     -21.65   -0.00    0.00     1.31     -788.68 
161      0.56     10.40    123.44   -461.04  -91.64   -351.60  0.00     0.00     0.00     -18.49   -0.00    0.00     1.10     -798.23 
162      0.64     10.31    125.95   -458.15  -90.31   -348.11  0.00     0.00     0.00     -18.67   -0.00    0.00     1.07     -788.22 
163      0.62     10.47    126.86   -457.20  -96.53   -349.99  0.00     0.00     0.00     -17.49   0.00     0.00     1.40     -792.96 
164      0.66     10.43    111.80   -455.49  -92.01   -352.65  0.00     0.00     0.00     -20.77   0.00     0.00     1.03     -808.09 
165      0.69     10.16    122.38   -458.03  -94.26   -353.70  0.00     0.00     0.00     -20.26   -0.00    0.00     1.00     -802.89 
166      0.71     10.19    123.69   -459.71  -95.49   -353.62  0.00     0.00     0.00     -21.50   0.00     0.00     1.33     -805.31 
167      0.62     10.58    127.68   -456.11  -93.57   -351.70  0.00     0.00     0.00     -18.23   -0.00    0.00     1.05     -790.87 
168      0.68     10.45    129.49   -455.08  -90.40   -351.75  0.00     0.00     0.00     -21.00   -0.00    0.00     0.98     -787.76 
169      0.76     9.88     124.30   -451.04  -96.32   -354.18  0.00     0.00     0.00     -21.51   -0.00    0.00     0.26     -798.48 
170      0.67     10.47    139.04   -458.56  -88.14   -353.07  0.00     0.00     0.00     -20.24   -0.00    0.00     1.17     -779.79 
171      0.58     10.32    117.05   -455.84  -92.99   -356.06  0.00     0.00     0.00     -20.50   -0.00    0.00     1.03     -807.31 
172      0.64     9.86     145.66   -453.50  -96.14   -353.41  0.00     0.00     0.00     -19.36   -0.00    0.00     0.84     -775.91 
173      0.63     10.10    146.06   -455.58  -96.39   -351.55  0.00     0.00     0.00     -18.64   -0.00    0.00     0.80     -775.30 
174      0.63     10.34    130.21   -454.27  -94.27   -352.26  0.00     0.00     0.00     -20.39   -0.00    0.00     1.15     -789.83 
175      0.67     10.44    128.12   -460.16  -88.55   -353.67  0.00     0.00     0.00     -19.77   -0.00    0.00     1.24     -792.79 
176      0.67     10.40    139.99   -456.95  -86.96   -356.26  0.00     0.00     0.00     -18.80   -0.00    0.00     0.96     -778.02 
177      0.63     10.15    135.74   -449.30  -92.87   -351.08  0.00     0.00     0.00     -18.47   0.00     0.00     0.81     -775.18 
178      0.68     10.55    140.29   -451.05  -92.74   -352.49  0.00     0.00     0.00     -19.79   0.00     0.00     1.04     -774.74 
179      0.66     10.46    126.23   -458.66  -91.20   -349.42  0.00     0.00     0.00     -18.50   -0.00    0.00     0.91     -790.64 
180      0.67     10.25    128.69   -454.61  -91.49   -352.40  0.00     0.00     0.00     -19.19   -0.00    0.00     0.82     -788.18 
181      0.69     10.00    145.80   -457.38  -95.46   -351.23  0.00     0.00     0.00     -21.15   -0.00    0.00     1.20     -778.22 
182      0.66     10.33    139.60   -453.46  -90.41   -346.45  0.00     0.00     0.00     -18.72   0.00     0.00     1.16     -768.29 
183      0.71     10.41    134.00   -454.71  -91.95   -354.04  0.00     0.00     0.00     -21.50   0.00     0.00     1.38     -786.82 
184      0.69     10.28    133.37   -452.88  -94.28   -354.27  0.00     0.00     0.00     -19.68   -0.00    0.00     0.87     -786.85 
185      0.62     10.25    134.08   -461.88  -90.72   -347.40  0.00     0.00     0.00     -20.13   -0.00    0.00     1.01     -785.05 
186      0.61     10.35    121.58   -461.41  -91.25   -349.33  0.00     0.00     0.00     -19.85   -0.00    0.00     0.82     -799.45 
187      0.50     10.80    128.27   -456.41  -90.26   -352.49  0.00     0.00     0.00     -18.94   0.00     0.00     1.04     -788.79 
188      0.65     10.47    127.08   -447.78  -89.84   -353.46  0.00     0.00     0.00     -20.88   -0.00    0.00     1.24     -783.65 
189      0.57     10.38    130.48   -452.80  -87.42   -352.35  0.00     0.00     0.00     -19.46   -0.00    0.00     1.15     -780.40 
190      0.62     10.41    141.43   -457.64  -88.53   -355.48  0.00     0.00     0.00     -20.74   -0.00    0.00     1.06     -779.90 
191      0.64     10.11    128.86   -459.07  -94.62   -349.80  0.00     0.00     0.00     -20.08   0.00     0.00     0.75     -793.97 
192      0.66     10.34    116.40   -459.17  -94.09   -353.18  0.00     0.00     0.00     -20.12   0.00     0.00     1.09     -809.08 
193      0.68     10.25    119.92   -455.07  -89.73   -352.95  0.00     0.00     0.00     -22.23   -0.00    0.00     0.72     -799.34 
194      0.68     10.13    129.44   -457.97  -92.50   -352.00  0.00     0.00     0.00     -20.39   -0.00    0.00     1.15     -792.27 
195      0.68     10.23    122.11   -457.11  -89.23   -354.00  0.00     0.00     0.00     -21.44   -0.00    0.00     1.39     -798.28 
196      0.63     10.30    156.07   -455.54  -90.66   -351.97  0.00     0.00     0.00     -21.44   -0.00    0.00     1.23     -762.31 
197      0.65     10.22    116.89   -454.44  -91.66   -354.22  0.00     0.00     0.00     -19.38   -0.00    0.00     0.90     -801.90 
198      0.68     10.37    114.04   -457.45  -99.25   -350.13  0.00     0.00     0.00     -21.30   -0.00    0.00     1.30     -812.78 
199      0.67     10.45    141.01   -455.11  -93.14   -351.00  0.00     0.00     0.00     -19.29   -0.00    0.00     1.07     -776.46 
200      0.71     10.24    139.49   -454.72  -94.76   -351.52  0.00     0.00     0.00     -18.55   -0.00    0.00     1.02     -779.05 
201      0.67     10.44    133.69   -456.41  -93.03   -351.35  0.00     0.00     0.00     -21.47   -0.00    0.00     1.13     -787.43 
202      0.68     10.49    124.13   -460.01  -95.58   -349.66  0.00     0.00     0.00     -20.11   -0.00    0.00     1.06     -800.17 
203      0.55     10.28    145.11   -452.32  -97.11   -349.97  0.00     0.00     0.00     -18.42   -0.00    0.00     0.75     -771.97 
204      0.64     10.26    119.11   -457.62  -90.61   -347.54  0.00     0.00     0.00     -17.77   -0.00    0.00     1.40     -793.03 
205      0.61     10.86    124.75   -461.91  -88.44   -349.97  0.00     0.00     0.00     -18.66   -0.00    0.00     1.29     -792.94 
206      0.63     10.03    110.60   -454.92  -97.38   -351.15  0.00     0.00     0.00     -20.86   -0.00    0.00     0.99     -812.72 
207      0.61     10.22    115.80   -458.16  -90.85   -349.03  0.00     0.00     0.00     -20.84   -0.00    0.00     0.91     -802.17 
208      0.60     10.52    138.59   -454.24  -87.96   -353.84  0.00     0.00     0.00     -20.90   -0.00    0.00     1.12     -777.22 
209      0.60     10.59    136.08   -453.32  -90.62   -350.79  0.00     0.00     0.00     -20.65   -0.00    0.00     1.24     -778.05 
210      0.57     10.24    128.20   -451.99  -90.73   -349.79  0.00     0.00     0.00     -19.85   -0.00    0.00     1.07     -783.10 
211      0.62     10.41    119.09   -453.28  -93.85   -357.94  0.00     0.00     0.00     -23.14   -0.00    0.00     1.12     -808.00 
212      0.73     10.27    122.95   -451.19  -90.35   -355.95  0.00     0.00     0.00     -20.90   0.00     0.00     0.72     -794.74 
213      0.63     10.55    145.30   -451.72  -85.43   -351.29  0.00     0.00     0.00     -19.76   -0.00    0.00     0.92     -761.97 
214      0.68     10.16    128.14   -453.37  -93.56   -356.07  0.00     0.00     0.00     -20.57   -0.00    0.00     0.66     -794.78 
215      0.62     10.52    135.53   -459.65  -89.16   -353.02  0.00     0.00     0.00     -21.12   -0.00    0.00     1.44     -785.97 
216      0.65     10.46    133.23   -458.45  -88.69   -355.71  0.00     0.00     0.00     -20.07   -0.00    0.00     1.37     -788.33 
217      0.65     10.29    134.53   -453.22  -97.59   -349.06  0.00     0.00     0.00     -19.14   -0.00    0.00     0.74     -783.74 
218      0.55     10.41    119.98   -453.88  -93.51   -347.54  0.00     0.00     0.00     -20.07   -0.02    0.00     0.86     -794.18 
219      0.65     10.17    131.77   -456.33  -90.99   -353.46  0.00     0.00     0.00     -19.97   -0.00    0.00     1.13     -787.85 
220      0.67     10.30    126.90   -463.86  -93.51   -354.74  0.00     0.00     0.00     -19.87   -0.00    0.00     1.15     -803.92 
221      0.70     10.43    122.99   -452.13  -88.84   -354.17  0.00     0.00     0.00     -20.23   -0.00    0.00     1.51     -790.86 
222      0.65     10.02    123.86   -461.01  -101.72  -353.30  0.00     0.00     0.00     -19.38   -0.00    0.00     0.71     -810.84 
223      0.61     10.08    109.23   -458.75  -94.05   -353.62  0.00     0.00     0.00     -20.68   -0.00    0.00     0.89     -816.97 
224      0.52     10.76    111.46   -463.34  -85.61   -352.48  0.00     0.00     0.00     -18.74   -0.00    0.00     1.28     -807.43 
225      0.59     10.31    113.67   -456.28  -90.02   -353.74  0.00     0.00     0.00     -21.55   -0.00    0.00     1.22     -806.71 
226      0.67     10.23    123.94   -451.49  -92.84   -354.94  0.00     0.00     0.00     -20.48   -0.00    0.00     0.71     -795.09 
227      0.66     10.03    133.46   -456.59  -100.47  -352.75  0.00     0.00     0.00     -19.88   0.00     0.00     1.02     -795.21 
228      0.67     10.08    125.32   -455.37  -98.38   -349.84  0.00     0.00     0.00     -21.60   -0.00    0.00     0.85     -799.01 
229      0.73     10.13    137.61   -448.60  -94.90   -352.52  0.00     0.00     0.00     -19.48   -0.00    0.00     1.33     -776.57 
230      0.67     10.31    128.58   -453.37  -93.41   -353.45  0.00     0.00     0.00     -20.27   0.00     0.00     1.39     -790.52 
231      0.64     10.66    122.75   -457.30  -88.55   -350.77  0.00     0.00     0.00     -17.96   -0.00    0.00     0.75     -791.09 
232      0.68     10.32    121.00   -459.98  -98.35   -353.31  0.00     0.00     0.00     -19.73   -0.00    0.00     0.81     -809.56 
233      0.65     10.07    143.21   -462.95  -94.66   -347.96  0.00     0.00     0.00     -19.78   -0.00    0.00     0.80     -781.33 
234      0.64     10.37    135.77   -457.83  -90.62   -351.29  0.00     0.00     0.00     -20.72   -0.00    0.00     0.83     -783.85 
235      0.62     10.09    138.74   -459.46  -93.51   -349.70  0.00     0.00     0.00     -20.86   -0.00    0.00     0.93     -783.86 
236      0.64     10.25    142.00   -456.99  -93.66   -349.72  0.00     0.00     0.00     -20.53   -0.00    0.00     0.80     -778.10 
237      0.58     10.64    140.66   -461.74  -88.01   -355.75  0.00     0.00     0.00     -20.18   -0.00    0.00     1.23     -783.79 
238      0.69     10.26    132.83   -458.06  -98.34   -353.23  0.00     0.00     0.00     -20.62   -0.00    0.00     0.85     -796.56 
239      0.54     10.71    134.28   -455.88  -90.63   -349.55  0.00     0.00     0.00     -19.06   -0.00    0.00     1.14     -779.69 
240      0.59     10.32    121.95   -453.45  -88.80   -350.39  0.00     0.00     0.00     -19.33   -0.00    0.00     0.93     -789.09 
241      0.65     10.42    110.01   -457.50  -93.42   -354.79  0.00     0.00     0.00     -20.79   0.00     0.00     0.94     -815.55 
242      0.65     10.36    134.61   -455.83  -96.77   -353.26  0.00     0.00     0.00     -18.64   -0.00    0.00     1.52     -788.36 
243      0.56     10.30    141.90   -464.18  -84.82   -349.65  0.00     0.00     0.00     -20.19   -0.00    0.00     1.31     -775.63 
244      0.65     10.31    140.33   -452.02  -89.53   -348.75  0.00     0.00     0.00     -21.50   -0.00    0.00     1.59     -769.88 
245      0.64     10.19    122.56   -446.02  -95.86   -352.07  0.00     0.00     0.00     -20.01   -0.00    0.00     1.02     -790.38 
246      0.65     10.11    132.16   -460.60  -98.36   -355.11  0.00     0.00     0.00     -21.67   -0.00    0.00     1.20     -802.38 
247      0.66     10.16    130.89   -451.58  -98.08   -352.46  0.00     0.00     0.00     -22.04   -0.00    0.00     0.68     -792.61 
248      0.57     10.41    128.25   -450.79  -88.69   -351.52  0.00     0.00     0.00     -18.24   -0.00    0.00     1.22     -779.77 
249      0.65     10.37    129.96   -452.75  -93.62   -348.24  0.00     0.00     0.00     -20.74   -0.00    0.00     1.09     -784.29 
250      0.68     10.06    125.64   -459.16  -95.17   -352.21  0.00     0.00     0.00     -20.16   -0.00    0.00     1.06     -800.00 
251      0.65     10.33    122.63   -460.24  -90.02   -351.25  0.00     0.00     0.00     -19.06   -0.00    0.00     1.02     -796.91 
252      0.64     10.29    126.93   -456.93  -93.79   -350.27  0.00     0.00     0.00     -19.02   -0.00    0.00     0.85     -792.24 
253      0.62     10.37    132.28   -452.13  -89.15   -351.44  0.00     0.00     0.00     -19.73   -0.00    0.00     1.05     -779.12 
254      0.64     10.24    117.63   -453.75  -94.46   -355.65  0.00     0.00     0.00     -20.91   -0.00    0.00     1.25     -805.89 
255      0.62     10.16    147.40   -462.50  -99.80   -355.43  0.00     0.00     0.00     -22.06   -0.00    0.00     0.77     -791.61 
256      0.58     10.60    132.53   -451.80  -86.76   -351.85  0.00     0.00     0.00     -20.94   -0.00    0.00     1.19     -777.63 
257      0.59     10.17    128.94   -455.25  -96.09   -349.27  0.00     0.00     0.00     -18.07   -0.00    0.00     0.87     -788.88 
258      0.68     10.31    116.30   -459.10  -89.17   -354.04  0.00     0.00     0.00     -19.06   -0.00    0.00     1.11     -803.96 
259      0.63     10.02    115.90   -459.57  -98.40   -349.60  0.00     0.00     0.00     -20.64   0.00     0.00     0.71     -811.60 
260      0.67     10.57    119.53   -457.85  -92.95   -350.20  0.00     0.00     0.00     -21.04   -0.00    0.00     1.46     -801.06 
261      0.60     10.20    124.43   -451.59  -96.13   -348.30  0.00     0.00     0.00     -19.77   -0.00    0.00     0.90     -790.45 
262      0.60     10.31    133.30   -462.88  -99.26   -352.18  0.00     0.00     0.00     -22.37   -0.00    0.00     0.86     -802.52 
263      0.66     10.33    144.59   -461.65  -95.74   -350.50  0.00     0.00     0.00     -18.58   -0.00    0.00     1.04     -780.84 
264      0.63     10.36    140.88   -455.54  -94.40   -351.78  0.00     0.00     0.00     -19.62   -0.00    0.00     1.37     -779.10 
265      0.64     10.35    124.12   -463.78  -96.17   -351.33  0.00     0.00     0.00     -20.58   -0.00    0.00     0.64     -807.11 
266      0.71     10.27    118.25   -453.89  -94.61   -353.91  0.00     0.00     0.00     -19.97   0.00     0.00     1.28     -802.85 
267      0.67     10.36    127.92   -454.88  -92.06   -354.55  0.00     0.00     0.00     -21.15   -0.00    0.00     0.90     -793.82 
268      0.65     10.24    118.15   -455.64  -93.76   -349.95  0.00     0.00     0.00     -18.54   -0.00    0.00     1.13     -798.62 
269      0.53     10.44    129.18   -461.42  -85.87   -346.84  0.00     0.00     0.00     -21.07   -0.00    0.00     1.51     -784.51 
270      0.56     10.44    132.96   -452.94  -96.13   -354.60  0.00     0.00     0.00     -18.28   -0.00    0.00     0.96     -788.03 
271      0.54     10.04    122.27   -454.58  -94.43   -353.86  0.00     0.00     0.00     -19.51   -0.00    0.00     0.92     -799.20 
272      0.59     10.27    128.51   -457.45  -93.34   -353.56  0.00     0.00     0.00     -19.42   -0.00    0.00     1.04     -794.21 
273      0.58     10.62    139.23   -460.03  -88.05   -353.74  0.00     0.00     0.00     -19.94   0.00     0.00     1.01     -781.51 
274      0.72     10.18    122.82   -448.83  -90.18   -356.01  0.00     0.00     0.00     -21.19   -0.00    0.00     1.02     -792.36 
275      0.61     10.53    131.29   -457.18  -93.33   -352.31  0.00     0.00     0.00     -19.89   0.00     0.00     1.16     -790.26 
276      0.65     10.48    112.32   -462.06  -89.15   -352.74  0.00     0.00     0.00     -19.41   -0.00    0.00     1.23     -809.81 
277      0.68     10.68    118.43   -460.19  -86.16   -352.54  0.00     0.00     0.00     -20.29   0.00     0.00     1.08     -799.67 
278      0.64     10.18    117.32   -457.27  -92.04   -352.92  0.00     0.00     0.00     -20.98   -0.00    0.00     0.98     -804.91 
279      0.61     10.41    132.49   -451.89  -91.24   -355.24  0.00     0.00     0.00     -20.88   -0.00    0.00     1.35     -785.40 
280      0.52     10.63    121.28   -458.57  -91.68   -346.65  0.00     0.00     0.00     -21.92   -0.00    0.00     1.23     -796.31 
281      0.59     10.70    125.51   -453.30  -89.33   -354.14  0.00     0.00     0.00     -20.66   -0.00    0.00     1.51     -790.41 
282      0.67     10.18    124.23   -460.18  -93.87   -353.91  0.00     0.00     0.00     -20.19   -0.00    0.00     1.53     -802.39 
283      0.59     10.84    139.35   -449.35  -87.03   -352.59  0.00     0.00     0.00     -20.59   -0.00    0.00     1.00     -769.22 
284      0.60     10.51    116.89   -450.32  -89.86   -350.06  0.00     0.00     0.00     -21.00   -0.00    0.00     1.45     -792.91 
285      0.62     10.40    113.06   -457.89  -92.47   -352.60  0.00     0.00     0.00     -20.51   0.00     0.00     0.95     -809.45 
286      0.59     10.63    123.87   -459.17  -84.72   -355.12  0.00     0.00     0.00     -20.81   0.00     0.00     1.43     -794.52 
287      0.66     10.40    128.18   -452.93  -96.87   -357.00  0.00     0.00     0.00     -21.57   -0.00    0.00     1.14     -799.05 
288      0.67     10.38    113.91   -450.57  -94.92   -353.08  0.00     0.00     0.00     -20.57   0.00     0.00     1.06     -804.16 
289      0.63     10.42    130.34   -455.70  -90.75   -356.80  0.00     0.00     0.00     -19.70   -0.00    0.00     1.34     -791.27 
290      0.67     10.08    119.01   -460.91  -93.94   -353.16  0.00     0.00     0.00     -20.19   -0.00    0.00     1.07     -808.12 
291      0.72     10.18    115.49   -462.18  -95.84   -353.69  0.00     0.00     0.00     -19.00   -0.00    0.00     1.34     -813.87 
292      0.63     10.33    131.09   -456.89  -98.09   -352.12  0.00     0.00     0.00     -20.93   -0.00    0.00     0.94     -796.00 
293      0.68     10.26    132.10   -456.11  -94.84   -349.10  0.00     0.00     0.00     -22.69   -0.00    0.00     0.88     -789.76 
294      0.64     10.36    129.97   -454.97  -93.01   -346.66  0.00     0.00     0.00     -21.02   -0.00    0.00     1.23     -784.46 
295      0.66     10.64    122.97   -459.57  -92.07   -351.23  0.00     0.00     0.00     -18.73   -0.00    0.00     0.70     -797.93 
296      0.68     10.11    131.60   -452.01  -95.62   -349.06  0.00     0.00     0.00     -19.24   -0.00    0.00     0.82     -783.50 
297      0.66     10.26    132.60   -455.12  -91.35   -353.75  0.00     0.00     0.00     -20.24   -0.00    0.00     1.24     -786.62 
298      0.66     10.56    134.90   -451.95  -87.88   -355.03  0.00     0.00     0.00     -19.84   0.00     0.00     0.94     -778.85 
299      0.67     10.48    132.49   -454.05  -91.29   -350.17  0.00     0.00     0.00     -19.55   -0.00    0.00     1.28     -781.28 
300      0.71     10.35    132.55   -460.06  -86.31   -352.97  0.00     0.00     0.00     -19.27   0.00     0.00     1.10     -784.97 
301      0.55     10.23    125.02   -455.34  -92.04   -349.91  0.00     0.00     0.00     -20.98   -0.00    0.00     1.32     -791.94 
302      0.46     10.67    136.56   -452.90  -91.82   -345.74  0.00     0.00     0.00     -20.70   -0.00    0.00     1.34     -773.26 
303      0.45     10.53    126.32   -464.73  -93.31   -348.05  0.00     0.00     0.00     -19.05   -0.00    0.00     1.05     -797.78 
304      0.44     10.48    124.73   -463.28  -91.49   -350.55  0.00     0.00     0.00     -19.78   0.00     0.00     1.27     -799.11 
305      0.52     10.05    146.46   -451.60  -93.78   -349.16  0.00     0.00     0.00     -17.70   -0.00    0.00     1.10     -764.68 
306      0.46     10.56    132.55   -456.73  -90.30   -351.58  0.00     0.00     0.00     -20.28   -0.00    0.00     1.32     -785.02 
307      0.46     10.37    137.61   -451.29  -98.90   -344.01  0.00     0.00     0.00     -19.03   -0.00    0.00     0.65     -774.97 
308      0.46     10.24    121.13   -458.85  -94.86   -351.14  0.00     0.00     0.00     -21.77   -0.00    0.00     0.59     -804.90 
309      0.44     10.32    124.31   -454.85  -97.21   -351.03  0.00     0.00     0.00     -21.75   0.00     0.00     1.01     -799.51 
310      0.43     10.27    135.22   -461.64  -93.99   -354.97  0.00     0.00     0.00     -19.89   -0.00    0.00     0.60     -794.68 
311      0.44     10.33    131.29   -461.34  -93.78   -354.30  0.00     0.00     0.00     -21.38   -0.00    0.00     0.88     -798.62 
312      0.41     10.65    127.47   -453.12  -93.94   -349.69  0.00     0.00     0.00     -22.91   -0.00    0.00     0.65     -791.54 
313      0.39     10.60    127.76   -455.23  -95.68   -346.55  0.00     0.00     0.00     -19.60   -0.00    0.00     1.18     -788.12 
314      0.43     10.66    137.39   -450.05  -91.35   -347.26  0.00     0.00     0.00     -18.93   -0.00    0.00     0.63     -769.58 
315      0.40     10.84    127.94   -446.65  -94.69   -348.76  0.00     0.00     0.00     -19.76   -0.00    0.00     1.01     -780.91 
316      0.40     11.02    105.70   -454.27  -94.59   -349.68  0.00     0.00     0.00     -18.44   -0.00    0.00     1.01     -810.26 
317      0.38     11.03    142.17   -462.82  -86.91   -352.75  0.00     0.00     0.00     -20.58   -0.00    0.00     1.60     -779.29 
318      0.54     9.99     139.42   -459.32  -95.87   -350.46  0.00     0.00     0.00     -20.85   -0.00    0.00     0.98     -786.10 
319      0.54     10.47    118.44   -454.44  -90.83   -349.38  0.00     0.00     0.00     -18.70   0.00     0.00     0.90     -794.01 
320      0.50     10.07    125.99   -449.50  -102.88  -350.84  0.00     0.00     0.00     -19.82   0.00     0.00     0.29     -796.77 
321      0.51     10.05    131.09   -455.48  -96.79   -351.91  0.00     0.00     0.00     -20.34   -0.00    0.00     -0.27    -793.69 
322      0.45     9.99     121.42   -451.93  -109.98  -345.07  0.00     0.00     0.00     -18.57   -0.00    0.00     -0.10    -804.23 
323      0.47     10.06    126.32   -459.05  -106.78  -346.91  0.00     0.00     0.00     -19.96   -0.00    0.00     -0.12    -806.51 
324      0.46     10.16    132.12   -451.84  -106.77  -343.47  0.00     0.00     0.00     -17.24   -0.00    0.00     0.03     -787.16 
325      0.51     9.98     119.47   -451.26  -104.14  -347.71  0.00     0.00     0.00     -17.41   -0.00    0.00     -0.04    -801.10 
326      0.49     10.02    138.34   -457.62  -104.33  -345.02  0.00     0.00     0.00     -19.57   -0.00    0.00     -0.35    -788.56 
327      0.50     10.48    133.55   -453.43  -94.69   -347.79  0.00     0.00     0.00     -19.32   -0.00    0.00     0.13     -781.54 
328      0.45     10.59    114.17   -453.04  -95.83   -343.81  0.00     0.00     0.00     -17.98   -0.00    0.00     -0.02    -796.51 
329      0.51     10.03    131.90   -452.73  -103.50  -349.12  0.00     0.00     0.00     -18.96   -0.00    0.00     0.02     -792.39 
330      0.53     10.14    124.93   -451.34  -98.57   -348.74  0.00     0.00     0.00     -18.34   -0.00    0.00     -0.58    -792.65 
331      0.51     10.26    135.22   -453.96  -101.12  -348.44  0.00     0.00     0.00     -20.43   -0.00    0.00     -0.17    -788.89 
332      0.47     10.49    132.03   -449.74  -99.50   -348.74  0.00     0.00     0.00     -18.24   -0.00    0.00     -0.03    -784.22 
333      0.49     10.34    123.43   -451.16  -99.62   -347.22  0.00     0.00     0.00     -18.39   -0.00    0.00     0.37     -792.59 
334      0.48     9.98     131.15   -458.07  -101.95  -351.32  0.00     0.00     0.00     -20.30   -0.00    0.00     -0.06    -800.56 
335      0.49     10.19    152.73   -448.29  -102.75  -350.39  0.00     0.00     0.00     -19.42   -0.00    0.00     -0.42    -768.54 
336      0.52     10.41    131.36   -452.50  -101.05  -352.01  0.00     0.00     0.00     -19.61   -0.00    0.00     -0.22    -794.03 
337      0.49     10.25    127.47   -457.35  -98.62   -343.91  0.00     0.00     0.00     -18.32   -0.00    0.00     -0.23    -790.95 
338      0.50     10.35    129.34   -458.29  -100.44  -345.25  0.00     0.00     0.00     -20.26   -0.00    0.00     -0.37    -795.26 
339      0.52     10.10    147.13   -455.96  -98.23   -349.74  0.00     0.00     0.00     -19.52   -0.00    0.00     -0.34    -776.65 
340      0.48     10.00    133.27   -453.68  -103.42  -343.59  0.00     0.00     0.00     -18.96   -0.00    0.00     -0.63    -787.01 
341      0.45     10.17    128.25   -456.68  -106.75  -347.76  0.00     0.00     0.00     -21.10   -0.00    0.00     -0.37    -804.41 
342      0.49     9.96     139.32   -449.85  -101.71  -348.53  0.00     0.00     0.00     -19.48   -0.00    0.00     -0.31    -780.55 
343      0.53     9.94     129.91   -462.21  -98.33   -350.29  0.00     0.00     0.00     -20.29   0.00     0.00     -0.24    -801.46 
344      0.47     10.08    134.00   -457.02  -104.96  -344.53  0.00     0.00     0.00     -20.03   -0.00    0.00     -0.16    -792.70 
345      0.47     9.87     138.36   -448.76  -106.13  -349.87  0.00     0.00     0.00     -20.05   -0.00    0.00     -0.42    -786.86 
346      0.46     9.92     132.53   -458.93  -109.11  -349.41  0.00     0.00     0.00     -20.47   -0.00    0.00     -0.30    -805.69 
347      0.49     9.91     124.47   -456.51  -109.29  -349.66  0.00     0.00     0.00     -19.68   -0.00    0.00     -0.40    -811.07 
348      0.48     10.08    120.23   -451.26  -101.24  -346.62  0.00     0.00     0.00     -19.30   0.00     0.00     -0.60    -798.79 
349      0.47     9.85     136.69   -452.80  -106.12  -350.92  0.00     0.00     0.00     -20.41   -0.00    0.00     -0.19    -793.75 
350      0.49     10.05    129.62   -449.44  -102.08  -348.90  0.00     0.00     0.00     -17.78   -0.00    0.00     -0.57    -789.14 
351      0.51     10.09    139.49   -451.99  -96.12   -353.55  0.00     0.00     0.00     -21.54   -0.00    0.00     -0.26    -783.98 
352      0.45     10.14    130.88   -447.84  -104.99  -348.39  0.00     0.00     0.00     -20.01   -0.00    0.00     -0.47    -790.83 
353      0.47     10.12    136.71   -452.47  -98.71   -347.73  0.00     0.00     0.00     -20.44   -0.00    0.00     -0.47    -783.11 
354      0.51     10.05    131.87   -456.77  -100.90  -349.51  0.00     0.00     0.00     -18.31   -0.00    0.00     -0.39    -794.02 
355      0.50     10.58    138.26   -459.33  -88.05   -349.52  0.00     0.00     0.00     -18.57   -0.00    0.00     0.17     -777.05 
356      0.46     10.13    134.11   -450.97  -99.27   -343.71  0.00     0.00     0.00     -18.55   -0.00    0.00     -0.05    -778.44 
357      0.46     10.09    127.94   -443.01  -99.09   -345.87  0.00     0.00     0.00     -19.01   -0.00    0.00     -0.64    -779.68 
358      0.46     10.02    116.43   -460.85  -103.34  -349.36  0.00     0.00     0.00     -17.59   -0.00    0.00     -0.32    -815.03 
359      0.46     10.08    130.03   -458.34  -106.64  -343.77  0.00     0.00     0.00     -18.07   -0.00    0.00     -0.37    -797.14 
360      0.48     9.98     121.99   -449.04  -108.84  -352.88  0.00     0.00     0.00     -20.29   -0.00    0.00     -0.21    -809.27 
361      0.52     10.28    126.04   -454.29  -99.40   -351.94  0.00     0.00     0.00     -19.16   -0.00    0.00     -0.39    -799.14 
362      0.53     10.45    136.81   -455.59  -96.58   -346.42  0.00     0.00     0.00     -19.43   -0.00    0.00     -0.48    -781.69 
363      0.52     10.32    121.94   -449.48  -97.56   -349.54  0.00     0.00     0.00     -16.54   -0.00    0.00     -0.41    -791.60 
364      0.50     10.30    112.17   -457.28  -95.37   -349.20  0.00     0.00     0.00     -18.13   -0.00    0.00     -0.22    -808.02 
365      0.50     10.31    140.91   -456.86  -102.48  -343.79  0.00     0.00     0.00     -18.16   -0.00    0.00     0.09     -780.28 
366      0.51     10.20    120.92   -459.89  -101.39  -345.07  0.00     0.00     0.00     -20.93   -0.00    0.00     -0.48    -806.83 
367      0.49     10.31    131.96   -452.46  -95.68   -349.86  0.00     0.00     0.00     -20.73   -0.00    0.00     -0.19    -786.97 
368      0.51     10.16    124.72   -457.67  -99.94   -353.40  0.00     0.00     0.00     -18.04   -0.00    0.00     -0.30    -804.64 
369      0.49     10.32    132.23   -460.80  -101.93  -347.93  0.00     0.00     0.00     -18.88   -0.00    0.00     0.02     -797.29 
370      0.50     10.03    115.87   -444.27  -104.70  -344.58  0.00     0.00     0.00     -18.18   -0.00    0.00     0.08     -795.78 
371      0.48     10.10    120.15   -452.15  -105.29  -347.85  0.00     0.00     0.00     -18.95   -0.00    0.00     -0.31    -804.40 
372      0.51     10.14    132.52   -460.77  -100.71  -348.59  0.00     0.00     0.00     -19.82   0.00     0.00     -0.69    -798.05 
373      0.57     10.27    116.28   -459.79  -99.65   -351.05  0.00     0.00     0.00     -20.09   -0.00    0.00     -0.42    -814.72 
374      0.51     10.46    113.21   -456.06  -98.45   -348.17  0.00     0.00     0.00     -20.80   -0.00    0.00     -0.00    -810.27 
375      0.52     9.96     133.94   -459.31  -103.66  -347.92  0.00     0.00     0.00     -20.08   -0.00    0.00     -0.64    -797.66 
376      0.55     10.44    134.24   -457.94  -97.49   -347.74  0.00     0.00     0.00     -20.87   -0.00    0.00     -0.48    -790.27 
377      0.52     10.26    131.55   -451.48  -99.25   -346.49  0.00     0.00     0.00     -20.13   -0.00    0.00     -0.52    -786.31 
378      0.53     10.23    131.91   -454.15  -101.85  -348.26  0.00     0.00     0.00     -19.15   -0.00    0.00     -0.43    -791.92 
379      0.55     10.57    143.93   -460.39  -95.08   -350.70  0.00     0.00     0.00     -21.00   0.00     0.00     -0.34    -783.59 
380      0.53     10.06    126.54   -458.40  -103.71  -346.19  0.00     0.00     0.00     -19.18   -0.00    0.00     -0.55    -801.49 
381      0.49     10.86    125.11   -454.76  -90.40   -348.54  0.00     0.00     0.00     -19.67   0.00     0.00     -0.26    -788.52 
382      0.53     10.20    128.87   -454.83  -97.87   -348.48  0.00     0.00     0.00     -19.93   -0.00    0.00     -0.03    -792.28 
383      0.48     10.46    116.66   -456.04  -102.27  -346.51  0.00     0.00     0.00     -19.89   0.00     0.00     -0.11    -808.16 
384      0.50     10.37    136.35   -453.94  -97.85   -344.84  0.00     0.00     0.00     -17.43   -0.00    0.00     -0.33    -778.04 
385      0.51     10.32    126.60   -458.46  -92.02   -351.25  0.00     0.00     0.00     -20.96   -0.00    0.00     -0.17    -796.26 
386      0.51     10.35    141.45   -458.82  -95.46   -346.53  0.00     0.00     0.00     -17.93   -0.00    0.00     -0.46    -777.75 
387      0.53     10.43    119.73   -455.75  -93.22   -349.82  0.00     0.00     0.00     -19.53   0.00     0.00     -0.17    -798.76 
388      0.50     10.01    127.40   -455.49  -96.68   -349.93  0.00     0.00     0.00     -19.65   -0.00    0.00     -0.39    -794.75 
389      0.44     10.14    129.32   -455.81  -106.12  -347.76  0.00     0.00     0.00     -19.56   -0.00    0.00     0.03     -799.91 
390      0.48     10.30    123.72   -453.47  -105.46  -346.09  0.00     0.00     0.00     -16.24   -0.00    0.00     -0.13    -797.67 
391      0.50     10.01    122.75   -446.22  -104.05  -352.32  0.00     0.00     0.00     -21.32   0.00     0.00     0.05     -801.11 
392      0.50     9.99     141.29   -451.73  -106.67  -349.78  0.00     0.00     0.00     -19.39   -0.00    0.00     -0.07    -786.34 
393      0.49     10.05    143.13   -446.06  -103.56  -349.08  0.00     0.00     0.00     -19.78   -0.00    0.00     -0.16    -775.51 
394      0.49     10.04    139.43   -457.78  -104.33  -345.53  0.00     0.00     0.00     -19.59   -0.00    0.00     0.03     -787.77 
395      0.49     10.35    134.86   -454.87  -97.32   -348.49  0.00     0.00     0.00     -21.13   -0.00    0.00     0.07     -786.88 
396      0.53     10.53    129.10   -458.25  -94.90   -347.75  0.00     0.00     0.00     -17.31   0.00     0.00     0.04     -789.07 
397      0.52     10.42    137.06   -449.77  -98.05   -351.10  0.00     0.00     0.00     -19.95   0.00     0.00     -0.05    -781.85 
398      0.53     10.32    124.69   -456.33  -102.01  -350.30  0.00     0.00     0.00     -20.74   0.00     0.00     0.04     -804.64 
399      0.49     10.29    118.48   -455.33  -98.00   -347.28  0.00     0.00     0.00     -21.38   -0.00    0.00     0.16     -803.35 
400      0.51     10.41    139.35   -447.63  -100.20  -352.39  0.00     0.00     0.00     -19.23   -0.00    0.00     -0.19    -780.29 
401      0.52     10.40    118.01   -456.52  -93.78   -347.65  0.00     0.00     0.00     -17.90   0.00     0.00     -0.17    -798.00 
