Steps    Q        Rg       Backbone Rama     Contact  Fragment Membrane ER       TBM_Q    Beta     Pap      Helical  Debye_huckel Total   
0        1.00     10.06    80.42    -357.54  -74.08   -363.62  0.00     0.00     0.00     -23.45   0.00     0.00     0.74     -737.53 
1        0.96     10.09    4.42     -441.56  -87.60   -363.93  0.00     0.00     0.00     -24.63   -0.00    0.00     0.98     -912.33 
2        0.63     10.61    139.02   -452.73  -90.80   -352.41  0.00     0.00     0.00     -20.12   0.00     0.00     1.43     -775.62 
3        0.63     10.20    128.57   -460.41  -94.06   -352.23  0.00     0.00     0.00     -20.72   0.00     0.00     0.87     -797.97 
4        0.66     10.20    132.41   -455.72  -94.56   -352.73  0.00     0.00     0.00     -20.16   -0.00    0.00     0.71     -790.05 
5        0.60     10.47    115.34   -459.56  -83.86   -353.01  0.00     0.00     0.00     -18.87   0.00     0.00     0.87     -799.08 
6        0.62     10.10    114.93   -454.23  -94.26   -353.69  0.00     0.00     0.00     -20.27   0.00     0.00     0.80     -806.72 
7        0.61     10.75    132.80   -454.28  -83.44   -354.02  0.00     0.00     0.00     -20.68   0.00     0.00     1.41     -778.21 
8        0.63     10.56    115.81   -459.94  -87.04   -353.04  0.00     0.00     0.00     -18.54   0.00     0.00     0.80     -801.95 
9        0.62     10.50    130.04   -456.08  -92.60   -351.83  0.00     0.00     0.00     -19.15   -0.00    0.00     1.09     -788.53 
10       0.63     10.20    138.57   -447.16  -94.85   -352.27  0.00     0.00     0.00     -18.09   -0.00    0.00     0.82     -772.98 
11       0.60     10.20    121.40   -458.45  -92.87   -353.08  0.00     0.00     0.00     -23.26   0.00     0.00     0.63     -805.64 
12       0.70     10.05    131.18   -458.08  -95.30   -353.16  0.00     0.00     0.00     -21.29   -0.00    0.00     1.34     -795.32 
13       0.63     10.22    142.47   -454.53  -97.33   -352.89  0.00     0.00     0.00     -20.47   -0.00    0.00     1.35     -781.41 
14       0.58     10.34    124.28   -458.13  -92.96   -352.21  0.00     0.00     0.00     -20.60   -0.00    0.00     0.94     -798.68 
15       0.51     10.86    129.03   -459.99  -86.14   -351.68  0.00     0.00     0.00     -20.78   0.00     0.00     1.42     -788.15 
16       0.67     10.03    135.77   -457.50  -95.05   -349.65  0.00     0.00     0.00     -20.68   -0.00    0.00     0.62     -786.50 
17       0.65     10.24    124.92   -459.37  -95.10   -350.91  0.00     0.00     0.00     -21.65   0.00     0.00     1.43     -800.68 
18       0.67     10.40    144.19   -457.98  -90.81   -347.65  0.00     0.00     0.00     -21.55   -0.00    0.00     1.01     -772.79 
19       0.66     10.34    126.29   -455.63  -95.28   -354.10  0.00     0.00     0.00     -19.97   0.00     0.00     0.71     -797.98 
20       0.51     10.51    134.53   -453.31  -90.16   -347.26  0.00     0.00     0.00     -18.45   -0.00    0.00     0.94     -773.71 
21       0.56     10.72    125.35   -453.33  -89.40   -350.94  0.00     0.00     0.00     -19.54   -0.00    0.00     1.37     -786.49 
22       0.67     10.05    128.84   -460.45  -91.78   -355.92  0.00     0.00     0.00     -21.66   -0.00    0.00     1.01     -799.96 
23       0.63     10.33    125.34   -455.21  -91.00   -353.94  0.00     0.00     0.00     -21.36   -0.00    0.00     1.16     -795.02 
24       0.62     10.53    116.26   -463.00  -91.33   -351.13  0.00     0.00     0.00     -20.08   0.00     0.00     1.23     -808.05 
25       0.62     10.54    150.20   -457.78  -95.85   -349.58  0.00     0.00     0.00     -18.94   -0.00    0.00     1.21     -770.74 
26       0.68     10.20    139.83   -450.08  -92.32   -351.86  0.00     0.00     0.00     -18.37   -0.00    0.00     1.06     -771.74 
27       0.60     10.20    140.53   -456.33  -93.41   -349.74  0.00     0.00     0.00     -19.50   -0.00    0.00     1.06     -777.38 
28       0.65     10.39    129.07   -454.69  -86.88   -354.62  0.00     0.00     0.00     -22.06   -0.00    0.00     1.24     -787.94 
29       0.65     10.20    130.70   -455.41  -88.28   -351.83  0.00     0.00     0.00     -21.46   -0.00    0.00     0.72     -785.56 
30       0.64     10.08    121.32   -454.56  -99.24   -348.23  0.00     0.00     0.00     -19.82   -0.00    0.00     0.66     -799.86 
31       0.66     10.14    141.10   -453.94  -90.84   -350.00  0.00     0.00     0.00     -20.72   -0.00    0.00     0.89     -773.51 
32       0.62     10.28    144.03   -457.38  -92.42   -356.96  0.00     0.00     0.00     -21.36   -0.00    0.00     1.22     -782.87 
33       0.65     10.50    135.17   -457.20  -90.50   -347.28  0.00     0.00     0.00     -19.98   -0.00    0.00     1.19     -778.60 
34       0.65     10.51    121.36   -457.07  -88.46   -355.45  0.00     0.00     0.00     -20.75   -0.00    0.00     1.12     -799.25 
35       0.67     10.51    129.07   -452.37  -91.99   -356.07  0.00     0.00     0.00     -22.46   -0.00    0.00     1.35     -792.46 
36       0.62     10.65    130.28   -452.85  -91.73   -351.10  0.00     0.00     0.00     -19.60   0.00     0.00     1.20     -783.81 
37       0.70     10.15    122.80   -453.91  -94.24   -353.80  0.00     0.00     0.00     -21.45   0.00     0.00     1.19     -799.40 
38       0.68     10.17    125.03   -455.33  -94.75   -353.05  0.00     0.00     0.00     -20.40   0.00     0.00     1.21     -797.30 
39       0.58     10.45    142.12   -453.36  -90.70   -350.52  0.00     0.00     0.00     -19.44   -0.00    0.00     1.34     -770.56 
40       0.58     10.67    151.70   -450.94  -85.82   -349.60  0.00     0.00     0.00     -18.68   -0.00    0.00     1.43     -751.92 
41       0.70     10.32    116.96   -460.59  -93.66   -350.48  0.00     0.00     0.00     -20.72   0.00     0.00     1.03     -807.45 
42       0.67     10.23    130.94   -456.06  -94.01   -354.53  0.00     0.00     0.00     -20.40   -0.00    0.00     1.01     -793.05 
43       0.62     10.36    132.23   -457.43  -95.23   -349.57  0.00     0.00     0.00     -19.08   0.00     0.00     1.05     -788.03 
44       0.66     10.45    122.03   -450.44  -89.31   -349.68  0.00     0.00     0.00     -18.00   -0.00    0.00     1.11     -784.29 
45       0.73     10.24    139.89   -452.02  -95.48   -348.59  0.00     0.00     0.00     -20.22   0.00     0.00     0.99     -775.44 
46       0.57     10.09    148.53   -463.14  -93.05   -349.48  0.00     0.00     0.00     -18.52   -0.00    0.00     0.97     -774.69 
47       0.57     10.32    137.91   -457.24  -86.71   -348.91  0.00     0.00     0.00     -20.55   -0.00    0.00     0.99     -774.51 
48       0.69     10.13    127.90   -457.99  -95.75   -352.96  0.00     0.00     0.00     -20.94   -0.00    0.00     1.58     -798.17 
49       0.67     10.50    132.90   -457.85  -86.60   -349.49  0.00     0.00     0.00     -21.36   0.00     0.00     1.07     -781.33 
50       0.58     10.45    126.21   -457.68  -92.83   -353.21  0.00     0.00     0.00     -20.10   -0.00    0.00     1.18     -796.43 
51       0.66     10.20    117.54   -459.85  -90.32   -352.52  0.00     0.00     0.00     -18.99   -0.00    0.00     1.15     -803.01 
52       0.55     10.60    122.39   -457.29  -88.66   -356.61  0.00     0.00     0.00     -21.59   -0.00    0.00     1.07     -800.68 
53       0.62     10.33    132.81   -456.10  -92.63   -356.18  0.00     0.00     0.00     -21.00   -0.00    0.00     1.05     -792.05 
54       0.73     10.33    141.90   -445.79  -92.29   -354.19  0.00     0.00     0.00     -20.38   -0.00    0.00     0.97     -769.79 
55       0.69     10.27    137.67   -453.46  -92.80   -353.73  0.00     0.00     0.00     -20.69   0.00     0.00     1.05     -781.95 
56       0.66     10.19    127.80   -459.73  -90.13   -350.94  0.00     0.00     0.00     -20.28   -0.00    0.00     1.24     -792.05 
57       0.71     10.26    125.27   -454.49  -92.93   -351.42  0.00     0.00     0.00     -19.28   0.00     0.00     1.01     -791.86 
58       0.67     10.18    126.93   -464.99  -88.17   -351.71  0.00     0.00     0.00     -20.62   -0.00    0.00     0.96     -797.59 
59       0.66     10.35    130.43   -459.11  -93.49   -352.12  0.00     0.00     0.00     -19.89   0.00     0.00     1.21     -792.97 
60       0.63     10.40    130.33   -461.16  -89.24   -353.51  0.00     0.00     0.00     -20.05   0.00     0.00     1.36     -792.25 
61       0.60     10.60    114.70   -457.96  -92.32   -351.20  0.00     0.00     0.00     -19.91   0.00     0.00     1.21     -805.48 
62       0.65     10.33    118.52   -457.05  -87.54   -354.41  0.00     0.00     0.00     -20.99   -0.00    0.00     1.09     -800.38 
63       0.55     10.69    135.64   -460.41  -80.73   -353.32  0.00     0.00     0.00     -21.40   0.00     0.00     1.20     -779.01 
64       0.64     10.56    126.29   -455.82  -92.13   -351.52  0.00     0.00     0.00     -18.97   -0.00    0.00     1.17     -790.99 
65       0.63     10.47    123.00   -463.30  -86.81   -353.62  0.00     0.00     0.00     -20.73   -0.00    0.00     1.20     -800.27 
66       0.53     10.57    120.03   -455.88  -87.53   -347.59  0.00     0.00     0.00     -22.49   -0.00    0.00     0.81     -792.66 
67       0.65     10.27    142.92   -450.16  -94.11   -351.83  0.00     0.00     0.00     -20.18   -0.00    0.00     1.08     -772.28 
68       0.60     10.65    117.54   -460.60  -90.35   -348.09  0.00     0.00     0.00     -18.24   -0.00    0.00     1.22     -798.52 
69       0.67     9.90     135.12   -458.19  -94.18   -349.54  0.00     0.00     0.00     -21.41   -0.00    0.00     0.99     -787.22 
70       0.63     10.04    117.36   -456.09  -95.70   -353.02  0.00     0.00     0.00     -20.14   -0.00    0.00     1.15     -806.45 
71       0.62     10.43    122.65   -456.45  -88.16   -348.23  0.00     0.00     0.00     -17.53   -0.00    0.00     0.98     -786.74 
72       0.62     10.14    116.15   -459.01  -97.55   -352.33  0.00     0.00     0.00     -20.32   -0.00    0.00     1.27     -811.80 
73       0.65     10.61    145.70   -451.51  -87.08   -352.54  0.00     0.00     0.00     -20.61   -0.00    0.00     1.02     -765.03 
74       0.66     10.20    126.26   -458.33  -92.97   -353.75  0.00     0.00     0.00     -21.44   -0.00    0.00     0.68     -799.56 
75       0.60     10.33    124.82   -454.01  -92.13   -346.08  0.00     0.00     0.00     -20.54   -0.00    0.00     1.24     -786.70 
76       0.65     10.25    140.05   -459.35  -95.94   -349.02  0.00     0.00     0.00     -18.92   -0.00    0.00     0.90     -782.29 
77       0.71     10.19    125.37   -451.99  -89.36   -353.38  0.00     0.00     0.00     -19.76   -0.00    0.00     1.54     -787.57 
78       0.62     10.36    145.63   -452.94  -92.21   -351.21  0.00     0.00     0.00     -19.85   -0.00    0.00     0.81     -769.77 
79       0.69     10.29    114.98   -456.16  -90.50   -351.75  0.00     0.00     0.00     -21.32   -0.00    0.00     1.24     -803.51 
80       0.64     10.26    139.58   -460.37  -96.41   -357.36  0.00     0.00     0.00     -19.68   -0.00    0.00     0.84     -793.39 
81       0.73     10.35    134.49   -457.39  -96.28   -350.44  0.00     0.00     0.00     -21.25   -0.00    0.00     1.15     -789.72 
82       0.63     10.12    117.27   -453.74  -91.29   -353.49  0.00     0.00     0.00     -19.24   -0.00    0.00     1.17     -799.31 
83       0.68     10.36    142.35   -455.61  -89.75   -352.87  0.00     0.00     0.00     -19.25   -0.00    0.00     1.06     -774.08 
84       0.69     10.27    134.88   -456.52  -89.27   -347.88  0.00     0.00     0.00     -21.16   0.00     0.00     1.27     -778.67 
85       0.63     10.18    141.10   -454.23  -100.31  -350.80  0.00     0.00     0.00     -18.88   -0.00    0.00     0.97     -782.15 
86       0.61     10.35    132.33   -455.62  -94.90   -350.39  0.00     0.00     0.00     -19.19   -0.00    0.00     1.08     -786.69 
87       0.73     10.37    128.54   -456.97  -91.20   -351.03  0.00     0.00     0.00     -19.79   0.00     0.00     1.10     -789.35 
88       0.65     10.19    126.32   -460.77  -88.88   -349.72  0.00     0.00     0.00     -22.05   -0.00    0.00     0.92     -794.18 
89       0.59     10.59    138.05   -457.74  -87.80   -353.43  0.00     0.00     0.00     -19.74   -0.00    0.00     1.16     -779.51 
90       0.66     10.25    134.02   -453.97  -92.65   -352.07  0.00     0.00     0.00     -20.50   -0.00    0.00     1.45     -783.73 
91       0.67     10.17    127.65   -458.49  -95.78   -351.29  0.00     0.00     0.00     -19.55   -0.00    0.00     0.42     -797.04 
92       0.59     9.79     137.22   -456.79  -97.28   -351.48  0.00     0.00     0.00     -19.63   -0.00    0.00     0.64     -787.32 
93       0.60     10.62    134.73   -460.09  -88.88   -348.29  0.00     0.00     0.00     -19.45   0.00     0.00     1.09     -780.89 
94       0.56     10.35    125.27   -457.39  -96.13   -349.57  0.00     0.00     0.00     -19.16   -0.00    0.00     1.18     -795.80 
95       0.64     10.16    126.04   -458.63  -92.19   -355.68  0.00     0.00     0.00     -20.94   -0.00    0.00     0.99     -800.40 
96       0.63     10.20    121.81   -455.83  -97.14   -352.36  0.00     0.00     0.00     -19.84   -0.00    0.00     0.89     -802.47 
97       0.63     10.30    121.08   -455.35  -91.90   -352.85  0.00     0.00     0.00     -21.54   -0.00    0.00     0.98     -799.58 
98       0.66     10.00    139.07   -450.12  -96.61   -349.72  0.00     0.00     0.00     -18.74   -0.00    0.00     0.66     -775.46 
99       0.60     10.78    116.94   -457.93  -87.40   -352.12  0.00     0.00     0.00     -22.71   0.00     0.00     1.16     -802.06 
100      0.55     10.53    124.91   -454.60  -88.54   -349.35  0.00     0.00     0.00     -19.22   -0.00    0.00     1.11     -785.68 
101      0.66     10.33    124.60   -460.35  -93.35   -353.72  0.00     0.00     0.00     -21.61   -0.00    0.00     1.14     -803.30 
102      0.67     10.19    120.68   -450.48  -97.50   -350.78  0.00     0.00     0.00     -19.37   -0.00    0.00     1.20     -796.25 
103      0.66     10.31    126.62   -459.87  -91.25   -352.35  0.00     0.00     0.00     -21.75   -0.00    0.00     0.81     -797.79 
104      0.65     10.16    137.85   -454.84  -93.59   -350.61  0.00     0.00     0.00     -18.78   -0.00    0.00     1.13     -778.84 
105      0.63     10.48    130.55   -459.82  -93.43   -351.98  0.00     0.00     0.00     -19.26   0.00     0.00     1.15     -792.80 
106      0.69     9.86     117.61   -457.57  -94.83   -354.64  0.00     0.00     0.00     -20.57   -0.00    0.00     0.73     -809.26 
107      0.65     10.13    121.86   -460.91  -89.63   -356.66  0.00     0.00     0.00     -20.21   -0.00    0.00     0.87     -804.67 
108      0.67     10.16    116.20   -456.47  -97.33   -351.04  0.00     0.00     0.00     -18.42   -0.00    0.00     1.03     -806.03 
109      0.67     10.37    129.69   -458.76  -95.01   -353.79  0.00     0.00     0.00     -20.20   -0.00    0.00     1.09     -796.98 
110      0.61     10.13    151.51   -455.68  -97.82   -353.46  0.00     0.00     0.00     -21.20   -0.00    0.00     0.76     -775.90 
111      0.71     10.19    124.78   -450.98  -92.55   -351.45  0.00     0.00     0.00     -17.94   -0.00    0.00     1.27     -786.86 
112      0.63     10.18    131.08   -453.79  -98.58   -355.35  0.00     0.00     0.00     -20.27   0.00     0.00     1.04     -795.87 
113      0.68     10.66    143.58   -452.37  -88.14   -352.15  0.00     0.00     0.00     -19.26   0.00     0.00     1.06     -767.27 
114      0.63     10.43    130.72   -451.81  -95.30   -355.79  0.00     0.00     0.00     -21.22   0.00     0.00     0.80     -792.61 
115      0.66     10.33    134.10   -455.00  -87.90   -350.37  0.00     0.00     0.00     -18.97   -0.00    0.00     0.81     -777.33 
116      0.63     10.48    138.19   -455.71  -90.68   -353.56  0.00     0.00     0.00     -21.52   0.00     0.00     1.06     -782.21 
117      0.64     10.22    119.84   -457.04  -91.33   -355.61  0.00     0.00     0.00     -21.29   -0.00    0.00     1.25     -804.19 
118      0.68     10.26    131.31   -458.14  -94.25   -354.87  0.00     0.00     0.00     -22.86   0.00     0.00     1.18     -797.62 
119      0.59     10.64    128.26   -458.35  -90.38   -352.04  0.00     0.00     0.00     -18.87   0.00     0.00     1.14     -790.25 
120      0.66     10.30    132.69   -453.58  -97.32   -351.44  0.00     0.00     0.00     -20.41   -0.00    0.00     1.26     -788.79 
121      0.66     10.14    120.88   -452.53  -97.81   -350.60  0.00     0.00     0.00     -17.76   -0.00    0.00     0.78     -797.03 
122      0.73     10.31    130.80   -462.35  -94.25   -352.16  0.00     0.00     0.00     -19.18   0.00     0.00     1.41     -795.73 
123      0.61     10.64    124.63   -457.32  -85.80   -355.60  0.00     0.00     0.00     -21.65   -0.00    0.00     1.16     -794.57 
124      0.65     10.47    130.83   -460.73  -86.44   -354.94  0.00     0.00     0.00     -20.05   -0.00    0.00     1.45     -789.87 
125      0.68     10.63    136.25   -458.33  -86.40   -350.59  0.00     0.00     0.00     -20.01   0.00     0.00     1.34     -777.74 
126      0.63     10.44    135.71   -453.41  -94.86   -352.54  0.00     0.00     0.00     -20.67   0.00     0.00     1.11     -784.65 
127      0.66     10.49    125.07   -448.84  -93.61   -352.29  0.00     0.00     0.00     -19.71   0.00     0.00     0.97     -788.42 
128      0.62     10.36    133.99   -448.00  -94.66   -350.92  0.00     0.00     0.00     -20.98   0.00     0.00     1.05     -779.52 
129      0.53     10.44    120.71   -457.37  -91.13   -350.25  0.00     0.00     0.00     -21.31   -0.00    0.00     1.75     -797.60 
130      0.63     10.40    118.77   -456.84  -93.93   -352.85  0.00     0.00     0.00     -21.20   -0.00    0.00     1.15     -804.89 
131      0.52     10.72    127.08   -450.36  -87.35   -355.13  0.00     0.00     0.00     -21.55   0.00     0.00     1.34     -785.98 
132      0.60     9.99     127.79   -456.93  -101.96  -348.53  0.00     0.00     0.00     -17.14   0.00     0.00     0.54     -796.25 
133      0.60     10.12    141.54   -455.42  -90.39   -354.28  0.00     0.00     0.00     -19.92   0.00     0.00     0.17     -778.30 
134      0.64     10.48    139.61   -455.93  -87.16   -350.81  0.00     0.00     0.00     -19.39   0.00     0.00     0.74     -772.93 
135      0.60     10.57    130.99   -458.70  -89.65   -352.55  0.00     0.00     0.00     -20.55   -0.00    0.00     1.25     -789.20 
136      0.63     10.13    116.96   -455.59  -93.47   -352.14  0.00     0.00     0.00     -19.90   0.00     0.00     1.21     -802.91 
137      0.62     10.46    137.75   -454.72  -83.64   -350.37  0.00     0.00     0.00     -21.40   -0.00    0.00     1.17     -771.20 
138      0.64     10.70    131.82   -463.65  -85.65   -349.44  0.00     0.00     0.00     -19.74   0.00     0.00     1.52     -785.13 
139      0.56     10.53    134.15   -451.47  -90.48   -351.08  0.00     0.00     0.00     -20.54   -0.00    0.00     1.02     -778.40 
140      0.64     10.61    128.01   -456.35  -90.61   -353.26  0.00     0.00     0.00     -19.11   -0.00    0.00     1.43     -789.89 
141      0.68     10.03    134.64   -463.98  -94.95   -351.66  0.00     0.00     0.00     -19.94   -0.00    0.00     0.77     -795.14 
142      0.69     10.36    123.56   -455.80  -89.46   -353.45  0.00     0.00     0.00     -20.03   -0.00    0.00     1.12     -794.07 
143      0.60     10.52    114.05   -459.41  -91.88   -354.10  0.00     0.00     0.00     -21.13   -0.00    0.00     1.10     -811.37 
144      0.63     10.43    126.94   -458.33  -93.06   -354.24  0.00     0.00     0.00     -19.49   -0.00    0.00     1.07     -797.12 
145      0.56     10.41    121.55   -459.32  -90.54   -348.24  0.00     0.00     0.00     -19.76   -0.00    0.00     1.38     -794.93 
146      0.58     10.34    134.66   -455.49  -93.44   -351.17  0.00     0.00     0.00     -19.14   -0.00    0.00     1.46     -783.12 
147      0.64     10.31    125.38   -454.92  -93.67   -349.61  0.00     0.00     0.00     -19.92   -0.00    0.00     0.89     -791.85 
148      0.60     10.03    122.67   -451.01  -95.76   -346.71  0.00     0.00     0.00     -18.31   -0.00    0.00     1.54     -787.57 
149      0.64     10.13    119.77   -460.82  -95.62   -351.13  0.00     0.00     0.00     -20.55   -0.00    0.00     1.14     -807.21 
150      0.61     10.27    133.13   -455.87  -97.08   -353.64  0.00     0.00     0.00     -22.35   0.00     0.00     1.33     -794.49 
151      0.65     10.34    136.63   -452.93  -90.49   -353.79  0.00     0.00     0.00     -19.68   -0.00    0.00     1.19     -779.07 
152      0.64     10.23    119.57   -458.78  -96.91   -351.16  0.00     0.00     0.00     -21.43   -0.00    0.00     1.01     -807.71 
153      0.61     10.18    139.68   -455.32  -91.94   -353.98  0.00     0.00     0.00     -20.53   -0.00    0.00     1.00     -781.08 
154      0.68     10.42    139.16   -455.03  -91.39   -352.32  0.00     0.00     0.00     -21.41   -0.00    0.00     1.14     -779.84 
155      0.61     10.46    147.77   -453.04  -92.02   -352.66  0.00     0.00     0.00     -21.94   -0.00    0.00     1.11     -770.77 
156      0.60     10.26    147.30   -450.82  -101.35  -351.42  0.00     0.00     0.00     -19.64   -0.00    0.00     0.68     -775.25 
157      0.57     10.32    136.19   -450.35  -93.16   -353.92  0.00     0.00     0.00     -19.67   0.00     0.00     0.65     -780.26 
158      0.74     10.26    138.45   -457.88  -94.46   -354.28  0.00     0.00     0.00     -22.01   0.00     0.00     1.23     -788.95 
159      0.66     10.26    128.71   -452.68  -93.15   -353.81  0.00     0.00     0.00     -18.90   -0.00    0.00     1.18     -788.66 
160      0.69     10.19    116.95   -455.65  -93.60   -351.34  0.00     0.00     0.00     -18.82   -0.00    0.00     0.71     -801.74 
161      0.63     9.96     132.60   -465.42  -95.82   -354.70  0.00     0.00     0.00     -20.18   -0.00    0.00     1.02     -802.51 
162      0.65     10.21    142.69   -455.32  -90.01   -355.89  0.00     0.00     0.00     -21.85   -0.00    0.00     1.00     -779.40 
163      0.64     10.31    133.21   -455.96  -92.61   -354.95  0.00     0.00     0.00     -21.31   -0.00    0.00     0.93     -790.69 
164      0.64     10.30    134.73   -460.83  -92.53   -352.15  0.00     0.00     0.00     -21.61   -0.00    0.00     0.78     -791.61 
165      0.66     10.58    127.57   -448.27  -87.03   -355.53  0.00     0.00     0.00     -20.61   -0.00    0.00     1.06     -782.80 
166      0.62     10.47    134.79   -449.74  -87.97   -349.75  0.00     0.00     0.00     -20.34   -0.00    0.00     1.15     -771.87 
167      0.66     10.40    130.56   -460.79  -90.01   -350.38  0.00     0.00     0.00     -19.50   -0.00    0.00     1.45     -788.66 
168      0.55     10.38    132.24   -461.34  -95.03   -348.45  0.00     0.00     0.00     -19.05   -0.00    0.00     1.09     -790.55 
169      0.57     10.59    118.96   -450.03  -89.14   -350.96  0.00     0.00     0.00     -19.08   -0.00    0.00     0.82     -789.42 
170      0.60     10.45    132.14   -450.59  -90.31   -354.75  0.00     0.00     0.00     -21.13   -0.00    0.00     1.19     -783.45 
171      0.57     10.70    124.79   -458.70  -90.84   -349.57  0.00     0.00     0.00     -19.61   -0.00    0.00     1.17     -792.76 
172      0.67     10.21    125.64   -458.00  -96.00   -350.08  0.00     0.00     0.00     -21.16   -0.00    0.00     1.20     -798.40 
173      0.64     10.13    120.11   -455.00  -96.70   -351.44  0.00     0.00     0.00     -21.80   -0.00    0.00     0.63     -804.20 
174      0.60     10.37    134.29   -456.90  -90.34   -351.99  0.00     0.00     0.00     -21.08   -0.00    0.00     1.06     -784.95 
175      0.67     10.45    141.96   -456.72  -87.95   -356.75  0.00     0.00     0.00     -20.28   -0.00    0.00     1.16     -778.58 
176      0.65     10.53    127.38   -456.16  -93.51   -351.04  0.00     0.00     0.00     -21.61   0.00     0.00     0.76     -794.19 
177      0.67     10.15    132.05   -458.34  -100.24  -345.62  0.00     0.00     0.00     -21.44   -0.00    0.00     0.80     -792.79 
178      0.62     10.15    118.70   -455.77  -93.44   -351.11  0.00     0.00     0.00     -18.95   -0.00    0.00     0.79     -799.77 
179      0.61     10.14    144.46   -462.72  -92.76   -350.31  0.00     0.00     0.00     -20.39   -0.00    0.00     1.35     -780.37 
180      0.59     10.21    125.74   -453.28  -90.90   -352.76  0.00     0.00     0.00     -19.80   -0.00    0.00     0.76     -790.25 
181      0.58     10.23    135.97   -458.62  -94.78   -343.88  0.00     0.00     0.00     -20.09   -0.00    0.00     1.14     -780.25 
182      0.62     10.38    141.77   -459.17  -92.03   -351.64  0.00     0.00     0.00     -20.33   -0.00    0.00     1.38     -780.02 
183      0.65     10.68    129.77   -459.83  -88.64   -351.60  0.00     0.00     0.00     -20.25   -0.00    0.00     1.26     -789.29 
184      0.66     10.41    121.60   -454.45  -88.49   -350.98  0.00     0.00     0.00     -17.85   -0.00    0.00     1.00     -789.16 
185      0.60     10.63    135.50   -456.37  -92.89   -350.88  0.00     0.00     0.00     -21.53   0.00     0.00     1.29     -784.89 
186      0.69     10.38    122.30   -454.33  -88.23   -355.18  0.00     0.00     0.00     -21.47   -0.00    0.00     1.28     -795.63 
187      0.63     10.43    119.74   -456.68  -91.80   -353.61  0.00     0.00     0.00     -19.54   -0.00    0.00     0.41     -801.47 
188      0.60     10.65    138.99   -457.52  -85.49   -352.21  0.00     0.00     0.00     -20.02   -0.00    0.00     1.20     -775.04 
189      0.62     10.52    137.62   -452.38  -87.69   -348.55  0.00     0.00     0.00     -21.12   -0.00    0.00     1.69     -770.43 
190      0.61     10.69    138.54   -458.96  -81.38   -350.72  0.00     0.00     0.00     -19.98   0.00     0.00     1.28     -771.23 
191      0.48     10.77    127.18   -453.87  -89.20   -353.63  0.00     0.00     0.00     -21.13   -0.00    0.00     1.05     -789.60 
192      0.49     10.62    142.47   -452.04  -88.58   -355.20  0.00     0.00     0.00     -22.23   -0.00    0.00     1.00     -774.59 
193      0.70     10.33    119.18   -452.58  -92.68   -351.08  0.00     0.00     0.00     -20.25   -0.00    0.00     1.08     -796.33 
194      0.70     10.03    127.93   -458.52  -91.98   -352.20  0.00     0.00     0.00     -20.00   -0.00    0.00     1.05     -793.72 
195      0.62     10.30    132.20   -450.63  -86.34   -354.88  0.00     0.00     0.00     -20.21   -0.00    0.00     1.10     -778.76 
196      0.61     10.41    130.57   -457.30  -96.06   -346.00  0.00     0.00     0.00     -18.39   0.00     0.00     1.11     -786.07 
197      0.65     10.28    115.00   -452.93  -93.48   -350.87  0.00     0.00     0.00     -21.39   -0.00    0.00     1.28     -802.39 
198      0.60     9.98     124.35   -457.51  -100.37  -351.37  0.00     0.00     0.00     -22.60   -0.00    0.00     0.74     -806.76 
199      0.66     10.15    129.41   -454.16  -96.37   -354.97  0.00     0.00     0.00     -20.22   -0.00    0.00     0.65     -795.66 
200      0.64     10.42    131.16   -458.39  -90.14   -354.24  0.00     0.00     0.00     -19.70   -0.00    0.00     1.24     -790.08 
201      0.59     10.60    136.07   -461.71  -86.88   -353.76  0.00     0.00     0.00     -22.36   -0.00    0.00     1.23     -787.42 
202      0.66     10.08    125.32   -458.24  -94.53   -352.33  0.00     0.00     0.00     -20.63   -0.00    0.00     1.41     -799.01 
203      0.60     10.11    132.08   -454.63  -98.50   -352.07  0.00     0.00     0.00     -20.48   -0.00    0.00     0.86     -792.74 
204      0.58     10.85    119.93   -450.96  -85.61   -354.28  0.00     0.00     0.00     -21.65   -0.00    0.00     1.10     -791.46 
205      0.60     10.08    138.64   -452.84  -97.64   -350.36  0.00     0.00     0.00     -18.48   -0.00    0.00     0.84     -779.84 
206      0.58     10.44    118.27   -455.52  -89.19   -353.20  0.00     0.00     0.00     -20.48   -0.00    0.00     1.18     -798.94 
207      0.59     10.84    149.38   -460.68  -87.48   -353.10  0.00     0.00     0.00     -20.39   0.00     0.00     1.07     -771.20 
208      0.56     9.96     119.18   -444.68  -97.68   -350.91  0.00     0.00     0.00     -18.59   -0.01    0.00     0.84     -791.84 
209      0.65     10.13    117.91   -452.00  -91.80   -354.50  0.00     0.00     0.00     -21.49   -0.00    0.00     0.75     -801.12 
210      0.61     10.36    149.00   -455.84  -96.11   -353.73  0.00     0.00     0.00     -21.49   -0.00    0.00     1.16     -777.01 
211      0.66     10.22    121.44   -461.72  -92.44   -349.44  0.00     0.00     0.00     -19.75   -0.00    0.00     0.82     -801.08 
212      0.69     10.22    128.84   -454.30  -93.82   -352.35  0.00     0.00     0.00     -20.47   0.00     0.00     0.35     -791.75 
213      0.56     10.38    117.16   -457.90  -93.06   -348.57  0.00     0.00     0.00     -20.57   -0.00    0.00     0.97     -801.98 
214      0.61     10.33    129.72   -453.57  -91.11   -355.32  0.00     0.00     0.00     -20.57   -0.00    0.00     1.11     -789.75 
215      0.69     10.20    135.49   -462.94  -95.44   -351.37  0.00     0.00     0.00     -18.59   -0.00    0.00     1.13     -791.73 
216      0.75     10.16    130.45   -462.14  -89.23   -353.36  0.00     0.00     0.00     -20.99   -0.00    0.00     1.07     -794.19 
217      0.62     10.43    117.71   -458.26  -86.94   -349.32  0.00     0.00     0.00     -20.16   -0.00    0.00     1.07     -795.91 
218      0.64     10.50    136.25   -448.78  -90.00   -352.61  0.00     0.00     0.00     -22.59   -0.00    0.00     1.26     -776.47 
219      0.60     10.40    129.04   -460.71  -90.37   -352.62  0.00     0.00     0.00     -21.80   -0.00    0.00     1.02     -795.45 
220      0.64     10.02    124.43   -456.15  -101.28  -351.61  0.00     0.00     0.00     -20.56   -0.00    0.00     0.88     -804.29 
221      0.55     10.46    130.65   -447.81  -94.40   -350.41  0.00     0.00     0.00     -19.55   -0.00    0.00     1.28     -780.25 
222      0.59     10.46    127.61   -456.16  -88.55   -351.33  0.00     0.00     0.00     -20.43   -0.00    0.00     1.31     -787.56 
223      0.72     10.07    126.16   -457.93  -92.80   -351.54  0.00     0.00     0.00     -21.78   -0.00    0.00     0.89     -797.00 
224      0.63     10.41    129.06   -460.28  -94.09   -352.04  0.00     0.00     0.00     -20.71   -0.00    0.00     0.91     -797.15 
225      0.65     10.17    128.83   -457.64  -93.47   -352.42  0.00     0.00     0.00     -24.18   0.00     0.00     0.85     -798.02 
226      0.59     10.40    128.65   -458.91  -92.66   -348.81  0.00     0.00     0.00     -19.61   -0.00    0.00     1.30     -790.05 
227      0.60     10.33    141.63   -459.53  -87.59   -347.56  0.00     0.00     0.00     -20.22   -0.00    0.00     0.72     -772.55 
228      0.65     10.28    137.29   -462.55  -95.13   -353.36  0.00     0.00     0.00     -20.26   -0.00    0.00     1.00     -793.02 
229      0.61     10.35    135.24   -464.07  -92.82   -350.50  0.00     0.00     0.00     -20.07   -0.00    0.00     0.64     -791.59 
230      0.63     10.10    144.40   -458.08  -91.56   -352.64  0.00     0.00     0.00     -20.52   -0.00    0.00     0.96     -777.42 
231      0.66     10.05    130.34   -459.96  -92.07   -350.67  0.00     0.00     0.00     -20.84   -0.00    0.00     1.18     -792.02 
232      0.70     10.04    134.71   -456.58  -97.65   -352.33  0.00     0.00     0.00     -20.02   -0.00    0.00     1.08     -790.78 
233      0.64     10.64    115.74   -458.96  -81.48   -353.39  0.00     0.00     0.00     -20.36   -0.00    0.00     1.39     -797.07 
234      0.62     10.59    136.29   -457.58  -86.52   -350.25  0.00     0.00     0.00     -21.10   -0.00    0.00     1.26     -777.91 
235      0.68     10.26    147.43   -455.66  -88.28   -352.22  0.00     0.00     0.00     -17.90   -0.00    0.00     1.09     -765.54 
236      0.67     10.23    122.63   -458.34  -95.89   -352.77  0.00     0.00     0.00     -20.45   -0.00    0.00     0.91     -803.91 
237      0.66     10.49    126.21   -460.07  -92.54   -351.72  0.00     0.00     0.00     -19.61   -0.00    0.00     0.61     -797.10 
238      0.65     10.33    128.89   -459.79  -93.10   -353.76  0.00     0.00     0.00     -19.50   -0.00    0.00     0.97     -796.30 
239      0.64     10.42    145.13   -452.62  -96.92   -349.96  0.00     0.00     0.00     -20.36   0.00     0.00     0.94     -773.80 
240      0.64     10.52    125.81   -462.06  -92.83   -353.15  0.00     0.00     0.00     -22.60   -0.00    0.00     1.28     -803.55 
241      0.59     10.32    128.11   -456.90  -85.32   -352.36  0.00     0.00     0.00     -20.92   -0.00    0.00     1.28     -786.12 
242      0.57     10.10    119.95   -445.99  -93.83   -352.92  0.00     0.00     0.00     -18.85   -0.00    0.00     1.01     -790.63 
243      0.56     10.47    129.59   -450.59  -94.82   -352.11  0.00     0.00     0.00     -19.30   -0.00    0.00     1.03     -786.21 
244      0.55     10.47    126.61   -459.20  -90.76   -349.52  0.00     0.00     0.00     -19.70   -0.00    0.00     1.06     -791.50 
245      0.67     10.03    127.57   -455.55  -98.54   -353.55  0.00     0.00     0.00     -20.68   -0.00    0.00     1.28     -799.48 
246      0.63     10.03    120.98   -452.50  -89.89   -349.26  0.00     0.00     0.00     -21.96   -0.00    0.00     1.38     -791.24 
247      0.54     10.37    141.95   -462.35  -94.96   -348.77  0.00     0.00     0.00     -18.46   -0.00    0.00     1.24     -781.36 
248      0.54     10.17    134.69   -452.92  -90.13   -348.33  0.00     0.00     0.00     -20.06   -0.00    0.00     1.02     -775.72 
249      0.61     10.65    128.19   -456.21  -94.05   -352.52  0.00     0.00     0.00     -21.46   -0.00    0.00     0.88     -795.18 
250      0.68     10.28    120.63   -458.13  -94.20   -349.09  0.00     0.00     0.00     -19.87   0.00     0.00     0.86     -799.80 
251      0.66     10.23    133.93   -461.60  -93.67   -350.97  0.00     0.00     0.00     -20.50   -0.00    0.00     1.13     -791.69 
252      0.63     10.39    126.48   -459.16  -98.62   -352.11  0.00     0.00     0.00     -18.18   0.00     0.00     0.66     -800.94 
253      0.66     10.29    141.70   -445.21  -96.85   -352.17  0.00     0.00     0.00     -19.12   -0.00    0.00     1.19     -770.46 
254      0.67     10.18    125.72   -460.72  -95.73   -348.05  0.00     0.00     0.00     -19.54   -0.00    0.00     1.10     -797.22 
255      0.59     10.70    136.01   -447.79  -90.05   -353.33  0.00     0.00     0.00     -21.51   -0.00    0.00     1.23     -775.44 
256      0.66     10.28    120.24   -455.89  -96.16   -355.48  0.00     0.00     0.00     -19.72   -0.00    0.00     1.06     -805.95 
257      0.63     10.26    126.63   -456.98  -96.23   -350.75  0.00     0.00     0.00     -18.83   -0.00    0.00     0.76     -795.40 
258      0.64     10.37    124.06   -456.79  -96.91   -352.68  0.00     0.00     0.00     -20.96   -0.00    0.00     0.97     -802.32 
259      0.63     9.97     149.34   -453.34  -89.06   -355.17  0.00     0.00     0.00     -20.51   -0.00    0.00     0.89     -767.85 
260      0.64     10.15    133.77   -458.32  -94.58   -350.73  0.00     0.00     0.00     -19.10   -0.00    0.00     0.71     -788.26 
261      0.64     10.68    126.39   -453.60  -90.31   -349.12  0.00     0.00     0.00     -18.94   -0.00    0.00     1.25     -784.33 
262      0.62     10.33    109.53   -453.95  -88.92   -353.08  0.00     0.00     0.00     -18.09   0.00     0.00     1.35     -803.17 
263      0.62     9.96     116.80   -460.23  -104.00  -352.43  0.00     0.00     0.00     -20.84   -0.00    0.00     0.92     -819.78 
264      0.62     10.58    134.36   -457.75  -92.38   -349.98  0.00     0.00     0.00     -20.14   0.00     0.00     1.26     -784.64 
265      0.67     10.29    127.45   -457.74  -96.66   -348.25  0.00     0.00     0.00     -20.44   -0.00    0.00     0.88     -794.74 
266      0.67     10.26    124.61   -445.80  -94.73   -350.29  0.00     0.00     0.00     -20.62   0.00     0.00     1.37     -785.45 
267      0.63     10.19    150.59   -452.84  -92.56   -352.45  0.00     0.00     0.00     -20.91   -0.00    0.00     1.27     -766.91 
268      0.61     10.35    134.56   -456.52  -92.02   -351.01  0.00     0.00     0.00     -21.79   -0.00    0.00     1.20     -785.59 
269      0.68     10.26    115.89   -459.26  -88.33   -356.58  0.00     0.00     0.00     -22.13   -0.00    0.00     0.98     -809.43 
270      0.64     10.15    126.76   -462.27  -98.91   -351.93  0.00     0.00     0.00     -19.84   -0.00    0.00     1.23     -804.97 
271      0.62     10.33    134.32   -454.47  -98.46   -349.90  0.00     0.00     0.00     -20.86   -0.00    0.00     1.29     -788.07 
272      0.62     10.55    115.79   -456.90  -88.94   -350.33  0.00     0.00     0.00     -20.98   -0.00    0.00     1.45     -799.91 
273      0.63     10.22    124.03   -459.28  -96.20   -353.53  0.00     0.00     0.00     -20.28   -0.00    0.00     1.11     -804.16 
274      0.65     10.17    121.83   -462.92  -91.25   -354.26  0.00     0.00     0.00     -22.56   0.00     0.00     0.92     -808.24 
275      0.66     10.26    124.23   -456.77  -93.72   -350.99  0.00     0.00     0.00     -20.07   -0.00    0.00     1.05     -796.28 
276      0.61     10.14    136.03   -461.41  -99.58   -350.98  0.00     0.00     0.00     -21.08   -0.00    0.00     0.65     -796.37 
277      0.67     10.24    110.78   -451.25  -91.54   -353.06  0.00     0.00     0.00     -19.75   -0.00    0.00     1.15     -803.67 
278      0.63     10.44    120.91   -457.17  -95.37   -350.52  0.00     0.00     0.00     -17.44   -0.00    0.00     1.10     -798.50 
279      0.68     10.32    108.62   -449.26  -87.89   -353.22  0.00     0.00     0.00     -19.17   -0.00    0.00     0.98     -799.95 
280      0.59     10.21    141.60   -455.21  -93.85   -351.17  0.00     0.00     0.00     -20.83   -0.00    0.00     1.26     -778.21 
281      0.64     10.03    117.13   -454.56  -98.22   -350.47  0.00     0.00     0.00     -20.74   -0.00    0.00     0.91     -805.95 
282      0.63     10.16    128.76   -453.63  -92.89   -351.84  0.00     0.00     0.00     -20.69   -0.00    0.00     0.81     -789.47 
283      0.58     9.98     145.70   -451.10  -95.69   -347.84  0.00     0.00     0.00     -19.10   -0.00    0.00     0.91     -767.10 
284      0.66     10.14    139.03   -454.43  -90.90   -348.72  0.00     0.00     0.00     -21.87   -0.00    0.00     1.01     -775.89 
285      0.69     10.26    132.86   -457.77  -90.82   -353.38  0.00     0.00     0.00     -20.51   -0.00    0.00     1.09     -788.53 
286      0.66     10.53    127.45   -456.58  -91.23   -350.98  0.00     0.00     0.00     -18.77   -0.00    0.00     0.91     -789.20 
287      0.64     10.26    130.23   -460.50  -92.79   -350.53  0.00     0.00     0.00     -19.39   -0.00    0.00     0.94     -792.04 
288      0.68     10.14    138.11   -458.08  -95.05   -352.55  0.00     0.00     0.00     -19.53   -0.00    0.00     1.27     -785.84 
289      0.64     10.14    133.15   -459.58  -93.99   -346.83  0.00     0.00     0.00     -19.53   -0.00    0.00     0.88     -785.90 
290      0.60     10.45    132.82   -459.28  -93.64   -349.14  0.00     0.00     0.00     -19.02   -0.00    0.00     1.15     -787.11 
291      0.55     10.29    138.97   -456.37  -91.42   -347.47  0.00     0.00     0.00     -19.87   -0.00    0.00     1.03     -775.13 
292      0.68     10.28    125.95   -456.77  -95.69   -355.39  0.00     0.00     0.00     -18.15   -0.00    0.00     1.21     -798.84 
293      0.61     10.37    125.47   -459.62  -91.30   -355.46  0.00     0.00     0.00     -19.84   -0.00    0.00     1.20     -799.54 
294      0.69     10.25    135.35   -460.41  -92.16   -352.60  0.00     0.00     0.00     -20.87   0.00     0.00     1.14     -789.55 
295      0.62     10.43    133.16   -458.89  -87.97   -350.86  0.00     0.00     0.00     -21.69   -0.00    0.00     1.11     -785.13 
296      0.55     10.41    126.49   -459.79  -92.75   -349.83  0.00     0.00     0.00     -21.18   -0.00    0.00     1.29     -795.78 
297      0.65     10.74    133.75   -459.19  -92.96   -352.96  0.00     0.00     0.00     -18.72   -0.00    0.00     1.18     -788.90 
298      0.71     10.22    130.60   -452.19  -93.85   -351.14  0.00     0.00     0.00     -21.03   -0.00    0.00     1.39     -786.22 
299      0.71     10.18    135.55   -460.69  -95.32   -351.42  0.00     0.00     0.00     -21.58   0.00     0.00     1.08     -792.36 
300      0.59     10.31    133.78   -461.59  -89.13   -349.47  0.00     0.00     0.00     -21.44   0.00     0.00     1.28     -786.57 
301      0.65     10.35    127.20   -459.82  -91.14   -351.64  0.00     0.00     0.00     -20.54   -0.00    0.00     0.81     -795.13 
302      0.68     9.90     124.67   -457.56  -91.64   -349.92  0.00     0.00     0.00     -22.03   -0.00    0.00     1.05     -795.42 
303      0.62     10.16    136.72   -454.39  -92.31   -350.96  0.00     0.00     0.00     -18.94   -0.00    0.00     0.84     -779.04 
304      0.55     10.33    138.53   -457.06  -98.05   -347.12  0.00     0.00     0.00     -18.63   -0.00    0.00     1.03     -781.31 
305      0.66     10.25    127.78   -451.99  -91.46   -354.57  0.00     0.00     0.00     -19.62   0.00     0.00     1.22     -788.64 
306      0.66     10.09    121.23   -457.99  -100.22  -352.41  0.00     0.00     0.00     -22.13   -0.00    0.00     0.89     -810.65 
307      0.68     10.33    123.67   -455.80  -93.60   -350.83  0.00     0.00     0.00     -20.26   0.00     0.00     0.94     -795.89 
308      0.56     10.72    118.56   -457.25  -90.38   -348.00  0.00     0.00     0.00     -20.67   -0.00    0.00     0.96     -796.78 
309      0.61     10.82    127.89   -454.60  -90.21   -355.67  0.00     0.00     0.00     -21.17   -0.00    0.00     1.51     -792.25 
310      0.64     10.54    129.47   -461.82  -95.78   -350.39  0.00     0.00     0.00     -20.05   -0.00    0.00     0.79     -797.78 
311      0.61     10.17    127.01   -451.58  -95.58   -352.64  0.00     0.00     0.00     -19.77   -0.00    0.00     1.23     -791.34 
312      0.68     10.17    125.24   -456.49  -98.25   -352.40  0.00     0.00     0.00     -19.22   -0.00    0.00     0.84     -800.28 
313      0.71     10.47    126.17   -458.75  -91.92   -350.88  0.00     0.00     0.00     -18.46   -0.00    0.00     0.86     -792.99 
314      0.67     10.28    124.80   -452.96  -88.75   -356.10  0.00     0.00     0.00     -21.19   -0.00    0.00     1.33     -792.88 
315      0.59     10.29    124.20   -457.88  -94.12   -349.78  0.00     0.00     0.00     -20.81   -0.00    0.00     1.27     -797.12 
316      0.66     10.27    128.44   -455.18  -92.83   -353.70  0.00     0.00     0.00     -23.71   -0.00    0.00     0.82     -796.16 
317      0.57     9.93     127.07   -457.48  -95.26   -350.15  0.00     0.00     0.00     -20.88   -0.00    0.00     0.56     -796.15 
318      0.67     10.43    112.58   -455.86  -93.79   -356.97  0.00     0.00     0.00     -20.37   0.00     0.00     0.87     -813.55 
319      0.63     10.43    136.95   -457.82  -92.35   -352.79  0.00     0.00     0.00     -20.94   -0.00    0.00     1.10     -785.85 
320      0.67     10.31    149.25   -451.29  -89.07   -350.33  0.00     0.00     0.00     -19.49   -0.00    0.00     1.17     -759.77 
321      0.63     10.17    127.77   -455.97  -87.11   -352.20  0.00     0.00     0.00     -20.83   -0.00    0.00     1.09     -787.26 
322      0.66     10.30    120.69   -460.91  -96.37   -352.17  0.00     0.00     0.00     -19.84   -0.00    0.00     1.24     -807.36 
323      0.70     10.11    119.27   -462.78  -98.29   -348.92  0.00     0.00     0.00     -18.24   -0.00    0.00     0.41     -808.56 
324      0.63     10.20    134.12   -454.14  -93.26   -348.11  0.00     0.00     0.00     -19.19   -0.00    0.00     1.37     -779.21 
325      0.65     10.33    127.92   -458.97  -91.23   -350.32  0.00     0.00     0.00     -18.87   -0.00    0.00     0.70     -790.78 
326      0.69     10.04    127.03   -461.73  -97.96   -353.07  0.00     0.00     0.00     -20.45   -0.00    0.00     1.10     -805.08 
327      0.65     10.40    121.15   -452.06  -93.76   -353.65  0.00     0.00     0.00     -20.99   -0.00    0.00     0.87     -798.44 
328      0.60     10.34    126.06   -458.27  -89.18   -354.61  0.00     0.00     0.00     -22.29   -0.00    0.00     1.08     -797.21 
329      0.65     10.47    118.35   -458.89  -90.77   -352.08  0.00     0.00     0.00     -20.96   -0.00    0.00     1.14     -803.22 
330      0.57     10.48    128.60   -461.01  -93.55   -351.12  0.00     0.00     0.00     -19.85   -0.00    0.00     1.21     -795.73 
331      0.70     10.39    128.70   -458.38  -91.50   -351.57  0.00     0.00     0.00     -20.02   -0.00    0.00     1.03     -791.75 
332      0.61     10.29    126.87   -456.06  -93.59   -350.05  0.00     0.00     0.00     -18.61   -0.00    0.00     0.66     -790.79 
333      0.60     10.20    125.49   -456.85  -91.24   -348.56  0.00     0.00     0.00     -21.30   -0.00    0.00     0.74     -791.73 
334      0.61     10.26    137.52   -453.80  -93.83   -351.45  0.00     0.00     0.00     -19.96   -0.00    0.00     0.67     -780.85 
335      0.68     10.25    130.94   -457.59  -95.38   -352.50  0.00     0.00     0.00     -20.46   0.00     0.00     1.23     -793.75 
336      0.60     10.72    142.53   -459.48  -92.30   -352.68  0.00     0.00     0.00     -18.06   -0.00    0.00     0.96     -779.02 
337      0.63     10.03    113.51   -456.50  -95.81   -347.69  0.00     0.00     0.00     -19.76   -0.00    0.00     0.61     -805.63 
338      0.68     10.35    128.90   -452.47  -91.28   -352.99  0.00     0.00     0.00     -20.82   -0.00    0.00     0.97     -787.69 
339      0.63     10.58    143.47   -460.23  -87.73   -348.75  0.00     0.00     0.00     -19.58   -0.00    0.00     1.11     -771.70 
340      0.67     10.33    137.70   -455.89  -91.85   -350.88  0.00     0.00     0.00     -20.35   -0.00    0.00     1.18     -780.11 
341      0.68     10.31    117.23   -454.07  -89.92   -351.70  0.00     0.00     0.00     -20.56   -0.00    0.00     1.23     -797.79 
342      0.72     9.90     129.72   -453.41  -96.04   -356.31  0.00     0.00     0.00     -20.50   -0.00    0.00     0.40     -796.14 
343      0.66     10.22    134.05   -453.82  -91.55   -351.80  0.00     0.00     0.00     -19.31   -0.00    0.00     1.18     -781.25 
344      0.63     10.30    119.20   -456.44  -95.95   -351.22  0.00     0.00     0.00     -18.80   -0.00    0.00     0.84     -802.36 
345      0.58     10.08    132.51   -451.11  -94.57   -349.39  0.00     0.00     0.00     -20.44   0.00     0.00     0.84     -782.16 
346      0.54     10.53    131.40   -455.20  -97.88   -347.70  0.00     0.00     0.00     -19.01   -0.00    0.00     1.27     -787.13 
347      0.69     10.19    120.72   -456.31  -92.29   -353.06  0.00     0.00     0.00     -22.01   -0.00    0.00     1.40     -801.55 
348      0.69     10.41    142.51   -457.50  -90.52   -352.06  0.00     0.00     0.00     -19.43   0.00     0.00     1.16     -775.84 
349      0.68     10.25    129.84   -457.22  -95.28   -350.93  0.00     0.00     0.00     -20.27   0.00     0.00     1.26     -792.60 
350      0.77     10.01    132.40   -456.13  -93.86   -354.30  0.00     0.00     0.00     -20.25   -0.00    0.00     0.78     -791.36 
351      0.66     10.27    126.11   -460.96  -92.15   -357.62  0.00     0.00     0.00     -21.31   -0.00    0.00     1.04     -804.89 
352      0.67     10.54    125.00   -453.01  -84.93   -357.28  0.00     0.00     0.00     -22.22   0.00     0.00     0.98     -791.46 
353      0.68     10.28    127.96   -461.40  -95.33   -350.95  0.00     0.00     0.00     -21.82   -0.00    0.00     1.02     -800.51 
354      0.61     10.10    131.97   -452.91  -91.91   -355.42  0.00     0.00     0.00     -20.09   -0.00    0.00     1.16     -787.19 
355      0.66     10.16    133.88   -453.12  -90.89   -353.88  0.00     0.00     0.00     -19.74   -0.00    0.00     0.88     -782.87 
356      0.68     10.14    125.27   -455.24  -95.90   -353.14  0.00     0.00     0.00     -23.25   0.00     0.00     1.05     -801.21 
357      0.63     10.68    122.80   -453.72  -89.72   -351.08  0.00     0.00     0.00     -19.59   0.00     0.00     0.92     -790.39 
358      0.72     10.31    151.31   -455.99  -95.48   -351.07  0.00     0.00     0.00     -21.87   -0.00    0.00     1.31     -771.78 
359      0.67     10.10    130.03   -450.06  -92.79   -354.96  0.00     0.00     0.00     -20.10   -0.00    0.00     1.05     -786.82 
360      0.68     10.42    113.57   -455.16  -93.01   -354.32  0.00     0.00     0.00     -20.92   0.00     0.00     1.29     -808.55 
361      0.65     10.51    136.82   -460.78  -91.49   -351.93  0.00     0.00     0.00     -17.54   0.00     0.00     1.15     -783.77 
362      0.70     10.21    117.12   -450.91  -93.05   -353.38  0.00     0.00     0.00     -21.85   -0.00    0.00     0.85     -801.22 
363      0.62     10.23    135.16   -458.70  -93.78   -349.85  0.00     0.00     0.00     -18.19   0.00     0.00     1.29     -784.08 
364      0.59     10.75    122.37   -462.23  -88.59   -348.94  0.00     0.00     0.00     -20.52   -0.00    0.00     1.72     -796.19 
365      0.70     10.25    125.61   -457.57  -93.63   -357.33  0.00     0.00     0.00     -20.75   -0.00    0.00     1.15     -802.53 
366      0.66     9.95     141.26   -458.12  -93.44   -351.81  0.00     0.00     0.00     -22.14   -0.00    0.00     1.14     -783.12 
367      0.59     10.36    132.31   -450.51  -91.54   -353.70  0.00     0.00     0.00     -21.64   -0.00    0.00     0.94     -784.15 
368      0.60     10.50    124.85   -452.75  -95.68   -351.80  0.00     0.00     0.00     -20.45   0.00     0.00     1.00     -794.83 
369      0.56     10.34    113.37   -448.11  -92.01   -354.48  0.00     0.00     0.00     -20.53   -0.00    0.00     1.16     -800.60 
370      0.67     10.62    116.94   -449.31  -88.39   -354.38  0.00     0.00     0.00     -19.36   -0.00    0.00     1.16     -793.34 
371      0.62     10.39    138.67   -453.08  -92.04   -355.20  0.00     0.00     0.00     -20.83   -0.00    0.00     0.83     -781.65 
372      0.60     10.76    142.64   -457.65  -88.04   -351.93  0.00     0.00     0.00     -19.74   0.00     0.00     1.29     -773.42 
373      0.65     10.56    111.38   -453.78  -89.32   -352.61  0.00     0.00     0.00     -19.71   -0.00    0.00     1.39     -802.64 
374      0.71     10.12    125.11   -457.53  -99.22   -351.78  0.00     0.00     0.00     -21.36   -0.00    0.00     0.67     -804.11 
375      0.62     10.42    145.13   -457.36  -87.84   -349.79  0.00     0.00     0.00     -19.78   -0.00    0.00     0.80     -768.85 
376      0.64     10.46    128.14   -458.04  -95.20   -354.11  0.00     0.00     0.00     -17.99   -0.00    0.00     1.06     -796.16 
377      0.65     10.42    140.90   -453.34  -89.71   -352.71  0.00     0.00     0.00     -20.13   0.00     0.00     1.07     -773.91 
378      0.65     10.47    119.88   -454.28  -83.45   -351.42  0.00     0.00     0.00     -17.84   -0.00    0.00     1.12     -785.99 
379      0.64     10.19    128.74   -463.13  -91.06   -351.40  0.00     0.00     0.00     -19.91   -0.00    0.00     1.38     -795.39 
380      0.64     10.49    141.42   -459.17  -89.88   -352.00  0.00     0.00     0.00     -19.95   -0.00    0.00     1.15     -778.44 
381      0.54     10.27    121.36   -457.97  -86.93   -347.95  0.00     0.00     0.00     -20.55   -0.00    0.00     0.99     -791.06 
382      0.56     10.18    123.61   -459.92  -96.51   -346.22  0.00     0.00     0.00     -19.47   -0.00    0.00     0.57     -797.95 
383      0.43     10.56    140.95   -454.80  -101.29  -348.30  0.00     0.00     0.00     -17.26   -0.00    0.00     0.54     -780.15 
384      0.44     10.83    129.51   -449.12  -94.52   -342.41  0.00     0.00     0.00     -18.47   -0.00    0.00     1.37     -773.64 
385      0.47     10.42    131.63   -456.90  -98.50   -345.08  0.00     0.00     0.00     -18.63   -0.00    0.00     0.05     -787.44 
386      0.50     10.37    142.35   -451.78  -101.18  -341.81  0.00     0.00     0.00     -18.27   -0.00    0.00     0.53     -770.15 
387      0.45     10.61    146.10   -452.12  -97.06   -348.29  0.00     0.00     0.00     -18.60   -0.00    0.00     0.21     -769.75 
388      0.46     10.12    144.19   -459.60  -104.53  -346.45  0.00     0.00     0.00     -18.79   -0.00    0.00     0.11     -785.06 
389      0.53     10.42    130.96   -456.52  -94.36   -353.64  0.00     0.00     0.00     -19.82   0.00     0.00     0.15     -793.23 
390      0.52     10.12    132.93   -458.02  -105.15  -346.35  0.00     0.00     0.00     -18.83   -0.00    0.00     -0.32    -795.74 
391      0.52     10.18    121.89   -454.41  -93.78   -348.75  0.00     0.00     0.00     -18.78   -0.00    0.00     0.00     -793.83 
392      0.51     10.35    131.25   -454.45  -100.11  -345.97  0.00     0.00     0.00     -19.12   -0.00    0.00     -0.37    -788.77 
393      0.51     10.43    129.72   -447.27  -98.27   -348.46  0.00     0.00     0.00     -19.81   -0.00    0.00     0.51     -783.57 
394      0.46     10.28    126.95   -454.02  -108.35  -346.72  0.00     0.00     0.00     -18.25   -0.00    0.00     -0.05    -800.43 
395      0.54     10.85    127.50   -457.88  -87.01   -352.17  0.00     0.00     0.00     -21.33   -0.00    0.00     0.93     -789.96 
396      0.56     10.65    134.08   -447.66  -87.91   -352.59  0.00     0.00     0.00     -18.02   0.00     0.00     0.63     -771.47 
397      0.47     10.14    128.33   -455.05  -98.95   -348.73  0.00     0.00     0.00     -19.20   0.00     0.00     0.14     -793.46 
398      0.46     10.13    133.91   -450.85  -101.47  -348.87  0.00     0.00     0.00     -20.23   -0.00    0.00     -0.19    -787.70 
399      0.48     10.10    128.59   -453.06  -105.27  -349.04  0.00     0.00     0.00     -19.65   -0.00    0.00     -0.53    -798.97 
400      0.51     10.28    130.54   -449.87  -101.96  -353.52  0.00     0.00     0.00     -20.56   0.00     0.00     -0.04    -795.41 
401      0.45     9.94     128.92   -455.22  -110.30  -352.17  0.00     0.00     0.00     -20.37   -0.00    0.00     -0.01    -809.15 
