Steps    Q        Rg       Backbone Rama     Contact  Fragment Membrane ER       TBM_Q    Beta     Pap      Helical  Debye_huckel Total   
0        1.00     10.06    80.42    -357.54  -74.08   -363.62  0.00     0.00     0.00     -23.45   0.00     0.00     0.74     -737.53 
1        0.96     10.09    4.42     -441.56  -87.60   -363.93  0.00     0.00     0.00     -24.63   -0.00    0.00     0.98     -912.33 
2        0.60     10.62    132.38   -453.20  -84.10   -353.40  0.00     0.00     0.00     -21.01   -0.00    0.00     1.28     -778.04 
3        0.69     10.21    125.45   -457.30  -95.44   -355.98  0.00     0.00     0.00     -20.96   -0.00    0.00     0.98     -803.25 
4        0.65     10.31    123.16   -444.02  -89.55   -352.17  0.00     0.00     0.00     -20.39   0.00     0.00     0.89     -782.08 
5        0.61     10.43    124.52   -455.01  -91.89   -355.00  0.00     0.00     0.00     -21.48   -0.00    0.00     1.17     -797.70 
6        0.64     10.20    124.37   -460.94  -94.43   -350.55  0.00     0.00     0.00     -20.61   -0.00    0.00     0.67     -801.50 
7        0.63     10.02    127.84   -453.43  -95.50   -351.71  0.00     0.00     0.00     -20.39   -0.00    0.00     0.94     -792.25 
8        0.66     10.42    127.68   -452.28  -98.52   -350.35  0.00     0.00     0.00     -18.76   0.00     0.00     0.86     -791.36 
9        0.64     10.35    116.73   -450.27  -93.81   -349.79  0.00     0.00     0.00     -21.94   -0.00    0.00     1.20     -797.88 
10       0.58     10.32    122.65   -452.79  -95.46   -353.08  0.00     0.00     0.00     -19.57   -0.00    0.00     0.66     -797.59 
11       0.66     10.55    134.70   -462.45  -90.51   -354.13  0.00     0.00     0.00     -19.88   -0.00    0.00     0.72     -791.55 
12       0.61     10.30    123.15   -454.99  -94.39   -357.23  0.00     0.00     0.00     -21.10   -0.00    0.00     0.86     -803.71 
13       0.60     10.43    122.54   -457.58  -87.00   -352.55  0.00     0.00     0.00     -20.52   -0.00    0.00     1.29     -793.81 
14       0.69     10.37    126.36   -458.32  -89.70   -351.60  0.00     0.00     0.00     -21.41   0.00     0.00     1.26     -793.41 
15       0.61     10.81    117.07   -454.56  -85.50   -356.21  0.00     0.00     0.00     -21.00   -0.00    0.00     1.46     -798.75 
16       0.72     10.04    133.25   -458.39  -89.03   -350.85  0.00     0.00     0.00     -20.52   0.00     0.00     0.86     -784.68 
17       0.72     10.31    137.44   -446.78  -96.50   -350.31  0.00     0.00     0.00     -19.42   0.00     0.00     1.58     -773.99 
18       0.66     10.76    128.31   -453.69  -87.62   -352.19  0.00     0.00     0.00     -21.59   0.00     0.00     1.48     -785.31 
19       0.68     10.37    135.23   -462.98  -90.64   -346.48  0.00     0.00     0.00     -19.50   -0.00    0.00     1.66     -782.71 
20       0.50     10.97    133.01   -455.65  -88.12   -348.73  0.00     0.00     0.00     -18.55   0.00     0.00     1.70     -776.33 
21       0.67     10.21    141.92   -450.61  -95.41   -352.39  0.00     0.00     0.00     -19.62   0.00     0.00     1.65     -774.46 
22       0.68     10.31    126.55   -449.72  -88.86   -354.06  0.00     0.00     0.00     -21.87   0.00     0.00     1.05     -786.92 
23       0.55     10.80    130.83   -454.82  -91.68   -349.77  0.00     0.00     0.00     -20.24   -0.00    0.00     1.66     -784.02 
24       0.64     10.59    145.77   -458.47  -91.96   -354.96  0.00     0.00     0.00     -23.63   -0.00    0.00     1.27     -781.99 
25       0.67     10.16    122.59   -451.25  -90.48   -354.41  0.00     0.00     0.00     -20.61   0.00     0.00     1.09     -793.07 
26       0.57     10.38    136.93   -454.88  -92.63   -351.73  0.00     0.00     0.00     -19.84   -0.00    0.00     1.42     -780.73 
27       0.61     10.42    122.82   -459.43  -92.21   -351.21  0.00     0.00     0.00     -21.90   -0.00    0.00     1.14     -800.79 
28       0.67     10.50    132.01   -456.99  -88.02   -354.15  0.00     0.00     0.00     -20.06   0.00     0.00     1.30     -785.91 
29       0.68     10.45    135.04   -456.07  -94.32   -353.02  0.00     0.00     0.00     -19.17   0.00     0.00     1.42     -786.12 
30       0.63     10.39    117.78   -449.51  -89.74   -348.48  0.00     0.00     0.00     -21.02   0.00     0.00     1.31     -789.65 
31       0.72     10.16    134.96   -463.32  -94.94   -350.73  0.00     0.00     0.00     -19.74   0.00     0.00     1.27     -792.51 
32       0.64     10.24    130.88   -460.45  -90.93   -353.17  0.00     0.00     0.00     -20.80   0.00     0.00     0.98     -793.50 
33       0.45     11.16    130.48   -460.43  -90.02   -348.33  0.00     0.00     0.00     -20.10   0.00     0.00     2.01     -786.39 
34       0.56     10.67    122.70   -450.40  -84.66   -353.65  0.00     0.00     0.00     -19.57   -0.00    0.00     1.30     -784.29 
35       0.48     10.81    124.66   -453.10  -81.74   -349.75  0.00     0.00     0.00     -19.82   0.00     0.00     1.48     -778.26 
36       0.46     10.91    129.32   -458.99  -92.49   -350.54  0.00     0.00     0.00     -20.26   -0.00    0.00     1.86     -791.09 
37       0.43     11.28    130.82   -452.92  -92.50   -346.65  0.00     0.00     0.00     -18.53   -0.00    0.00     2.05     -777.73 
38       0.62     10.48    126.93   -453.68  -84.77   -352.44  0.00     0.00     0.00     -19.65   0.00     0.00     0.70     -782.90 
39       0.54     10.59    123.19   -454.87  -94.14   -346.73  0.00     0.00     0.00     -19.73   0.00     0.00     0.70     -791.57 
40       0.63     10.34    128.60   -447.28  -94.73   -350.43  0.00     0.00     0.00     -20.30   -0.00    0.00     1.11     -783.04 
41       0.60     10.21    120.02   -453.02  -88.69   -354.05  0.00     0.00     0.00     -21.04   -0.00    0.00     1.20     -795.58 
42       0.62     10.14    136.24   -446.30  -98.72   -353.55  0.00     0.00     0.00     -21.50   -0.00    0.00     0.81     -783.03 
43       0.57     10.60    139.53   -457.55  -86.27   -351.75  0.00     0.00     0.00     -21.08   -0.00    0.00     1.06     -776.06 
44       0.60     10.35    137.53   -457.71  -90.48   -352.04  0.00     0.00     0.00     -21.00   -0.00    0.00     1.32     -782.39 
45       0.60     10.55    125.99   -449.83  -93.99   -355.82  0.00     0.00     0.00     -21.86   -0.00    0.00     1.10     -794.41 
46       0.57     10.36    126.60   -455.86  -90.58   -353.02  0.00     0.00     0.00     -21.41   -0.00    0.00     1.06     -793.21 
47       0.63     10.35    125.16   -455.81  -95.94   -354.65  0.00     0.00     0.00     -19.12   -0.00    0.00     1.04     -799.33 
48       0.64     10.53    119.45   -452.98  -88.96   -350.78  0.00     0.00     0.00     -20.33   -0.00    0.00     1.00     -792.60 
49       0.66     10.38    145.67   -456.69  -93.48   -352.98  0.00     0.00     0.00     -19.63   -0.00    0.00     1.42     -775.69 
50       0.64     10.37    129.05   -452.24  -93.06   -349.10  0.00     0.00     0.00     -19.55   -0.00    0.00     0.87     -784.02 
51       0.66     10.27    127.28   -458.05  -94.10   -349.56  0.00     0.00     0.00     -18.62   -0.00    0.00     1.22     -791.82 
52       0.52     10.56    127.39   -452.95  -94.90   -348.42  0.00     0.00     0.00     -20.77   -0.00    0.00     1.16     -788.49 
53       0.57     10.72    122.27   -459.57  -85.70   -350.62  0.00     0.00     0.00     -19.20   0.00     0.00     1.02     -791.80 
54       0.60     10.69    128.38   -459.67  -88.07   -353.56  0.00     0.00     0.00     -20.18   0.00     0.00     1.27     -791.83 
55       0.66     10.48    133.23   -461.99  -89.63   -352.47  0.00     0.00     0.00     -21.78   0.00     0.00     1.27     -791.38 
56       0.63     10.28    132.29   -456.37  -90.24   -347.87  0.00     0.00     0.00     -19.57   -0.00    0.00     0.90     -780.86 
57       0.67     10.32    109.93   -457.57  -93.29   -355.58  0.00     0.00     0.00     -21.18   -0.00    0.00     0.88     -816.82 
58       0.67     10.10    122.94   -455.06  -91.19   -357.53  0.00     0.00     0.00     -22.36   -0.00    0.00     1.41     -801.79 
59       0.61     10.28    150.89   -448.71  -101.69  -353.75  0.00     0.00     0.00     -20.55   -0.00    0.00     0.94     -772.88 
60       0.62     10.09    133.24   -448.55  -93.14   -349.98  0.00     0.00     0.00     -22.21   -0.00    0.00     0.85     -779.79 
61       0.67     10.33    132.48   -452.62  -95.15   -351.44  0.00     0.00     0.00     -18.39   -0.00    0.00     0.91     -784.20 
62       0.65     10.43    124.88   -457.80  -96.13   -350.61  0.00     0.00     0.00     -17.49   -0.00    0.00     1.13     -796.02 
63       0.64     10.19    129.66   -456.49  -88.29   -349.03  0.00     0.00     0.00     -19.44   -0.00    0.00     1.08     -782.51 
64       0.68     10.06    151.42   -450.82  -95.71   -351.24  0.00     0.00     0.00     -21.45   -0.00    0.00     1.08     -766.73 
65       0.68     10.24    137.94   -455.67  -94.11   -353.17  0.00     0.00     0.00     -21.38   0.00     0.00     0.84     -785.56 
66       0.63     10.57    114.45   -454.91  -86.66   -351.09  0.00     0.00     0.00     -20.45   0.00     0.00     0.77     -797.88 
67       0.67     10.57    126.23   -455.42  -89.41   -355.80  0.00     0.00     0.00     -19.72   -0.00    0.00     1.23     -792.89 
68       0.67     10.30    127.67   -461.17  -88.80   -352.19  0.00     0.00     0.00     -19.96   -0.00    0.00     1.17     -793.28 
69       0.55     10.60    126.00   -459.90  -83.68   -353.90  0.00     0.00     0.00     -21.25   -0.00    0.00     1.09     -791.62 
70       0.67     10.36    127.56   -456.62  -89.00   -349.32  0.00     0.00     0.00     -19.93   0.00     0.00     1.13     -786.18 
71       0.62     10.24    130.88   -453.54  -91.34   -350.56  0.00     0.00     0.00     -21.84   -0.00    0.00     0.79     -785.61 
72       0.66     10.28    124.41   -459.20  -86.26   -352.81  0.00     0.00     0.00     -22.32   -0.00    0.00     0.92     -795.25 
73       0.73     10.32    126.90   -457.51  -98.49   -353.69  0.00     0.00     0.00     -20.63   -0.00    0.00     0.99     -802.43 
74       0.69     10.43    119.38   -454.28  -81.60   -353.93  0.00     0.00     0.00     -21.89   -0.00    0.00     0.80     -791.52 
75       0.63     10.48    136.52   -463.71  -92.51   -351.78  0.00     0.00     0.00     -21.79   -0.00    0.00     1.27     -792.01 
76       0.68     10.42    133.78   -460.12  -93.48   -354.51  0.00     0.00     0.00     -19.72   -0.00    0.00     1.21     -792.83 
77       0.70     10.31    135.09   -456.37  -89.34   -347.28  0.00     0.00     0.00     -17.22   0.00     0.00     0.96     -774.16 
78       0.59     10.62    136.08   -457.86  -91.36   -351.43  0.00     0.00     0.00     -20.47   0.00     0.00     0.85     -784.18 
79       0.59     10.43    113.44   -456.74  -90.56   -350.66  0.00     0.00     0.00     -21.19   -0.00    0.00     1.03     -804.68 
80       0.58     10.24    123.44   -452.24  -85.91   -347.93  0.00     0.00     0.00     -19.52   -0.00    0.00     0.52     -781.65 
81       0.56     10.37    122.17   -461.33  -96.64   -348.86  0.00     0.00     0.00     -20.21   -0.00    0.00     0.94     -803.93 
82       0.68     9.97     113.85   -457.34  -88.72   -352.04  0.00     0.00     0.00     -20.64   -0.00    0.00     1.37     -803.51 
83       0.64     10.43    124.29   -454.16  -87.02   -355.46  0.00     0.00     0.00     -21.56   -0.00    0.00     0.64     -793.27 
84       0.64     10.44    126.33   -459.32  -93.72   -350.21  0.00     0.00     0.00     -18.77   -0.00    0.00     0.92     -794.78 
85       0.63     10.43    128.68   -449.50  -94.02   -345.28  0.00     0.00     0.00     -19.44   -0.00    0.00     0.87     -778.69 
86       0.59     10.34    125.31   -456.65  -90.15   -350.52  0.00     0.00     0.00     -20.01   -0.00    0.00     0.88     -791.15 
87       0.68     10.29    118.81   -456.10  -92.41   -353.71  0.00     0.00     0.00     -21.48   -0.00    0.00     1.08     -803.83 
88       0.62     10.06    143.80   -461.29  -91.15   -354.21  0.00     0.00     0.00     -20.20   -0.00    0.00     0.98     -782.09 
89       0.65     10.29    127.38   -453.16  -89.18   -349.83  0.00     0.00     0.00     -18.59   -0.00    0.00     1.15     -782.23 
90       0.57     10.28    137.58   -454.87  -92.98   -351.77  0.00     0.00     0.00     -19.15   -0.00    0.00     1.00     -780.19 
91       0.62     10.51    135.53   -454.66  -87.79   -349.54  0.00     0.00     0.00     -19.23   -0.00    0.00     1.27     -774.43 
92       0.69     10.12    130.48   -452.24  -92.05   -352.85  0.00     0.00     0.00     -21.51   -0.00    0.00     1.13     -787.04 
93       0.56     10.44    114.87   -446.79  -90.32   -353.56  0.00     0.00     0.00     -19.36   -0.00    0.00     0.86     -794.30 
94       0.61     10.24    133.92   -456.47  -91.92   -347.74  0.00     0.00     0.00     -16.21   -0.00    0.00     0.72     -777.71 
95       0.69     10.11    134.52   -455.07  -92.01   -349.57  0.00     0.00     0.00     -18.72   -0.00    0.00     0.99     -779.86 
96       0.63     10.01    128.65   -452.65  -95.18   -348.16  0.00     0.00     0.00     -17.60   -0.00    0.00     0.55     -784.38 
97       0.68     10.36    119.28   -459.70  -92.08   -350.88  0.00     0.00     0.00     -19.27   -0.00    0.00     1.14     -801.51 
98       0.69     10.55    124.85   -459.94  -87.02   -351.85  0.00     0.00     0.00     -20.88   0.00     0.00     1.15     -793.68 
99       0.60     10.15    125.34   -457.72  -97.85   -353.02  0.00     0.00     0.00     -19.98   -0.00    0.00     0.86     -802.36 
100      0.60     10.14    127.22   -450.27  -92.48   -357.11  0.00     0.00     0.00     -20.82   -0.00    0.00     0.89     -792.57 
101      0.63     10.71    114.43   -458.16  -93.35   -352.03  0.00     0.00     0.00     -21.01   0.00     0.00     0.94     -809.19 
102      0.60     10.39    119.60   -458.10  -91.49   -348.30  0.00     0.00     0.00     -19.93   0.00     0.00     1.09     -797.14 
103      0.63     10.63    122.64   -462.50  -89.20   -353.14  0.00     0.00     0.00     -20.28   0.00     0.00     1.60     -800.89 
104      0.66     10.34    130.55   -458.65  -85.10   -356.43  0.00     0.00     0.00     -20.49   -0.00    0.00     0.89     -789.23 
105      0.63     10.81    127.64   -454.03  -88.68   -349.54  0.00     0.00     0.00     -22.41   0.00     0.00     1.08     -785.94 
106      0.71     10.22    138.20   -455.46  -92.21   -350.94  0.00     0.00     0.00     -20.41   -0.00    0.00     0.75     -780.07 
107      0.65     10.27    135.28   -460.04  -95.27   -347.00  0.00     0.00     0.00     -19.16   0.00     0.00     1.04     -785.15 
108      0.64     10.30    122.38   -461.00  -92.11   -353.25  0.00     0.00     0.00     -19.04   -0.00    0.00     1.00     -802.01 
109      0.55     10.80    129.01   -455.65  -89.64   -351.00  0.00     0.00     0.00     -19.42   -0.00    0.00     1.32     -785.37 
110      0.64     10.39    132.55   -456.02  -91.19   -351.75  0.00     0.00     0.00     -21.54   0.00     0.00     1.34     -786.62 
111      0.71     10.21    132.45   -449.51  -92.80   -352.38  0.00     0.00     0.00     -20.78   -0.00    0.00     0.64     -782.39 
112      0.67     10.34    124.60   -455.93  -97.34   -347.37  0.00     0.00     0.00     -19.01   -0.00    0.00     1.18     -793.88 
113      0.65     10.30    129.54   -456.87  -92.87   -352.67  0.00     0.00     0.00     -19.86   -0.00    0.00     1.40     -791.33 
114      0.67     10.13    130.01   -459.25  -95.38   -354.02  0.00     0.00     0.00     -22.13   0.00     0.00     1.23     -799.54 
115      0.61     10.33    113.52   -462.46  -89.38   -350.92  0.00     0.00     0.00     -19.71   -0.00    0.00     1.02     -807.92 
116      0.59     10.12    123.53   -457.11  -95.29   -347.13  0.00     0.00     0.00     -21.00   -0.00    0.00     0.78     -796.22 
117      0.69     10.38    137.05   -456.77  -91.41   -353.68  0.00     0.00     0.00     -21.45   -0.00    0.00     1.36     -784.90 
118      0.61     10.30    144.24   -456.05  -99.18   -350.09  0.00     0.00     0.00     -19.47   -0.00    0.00     1.25     -779.30 
119      0.61     10.07    138.73   -457.87  -95.76   -353.08  0.00     0.00     0.00     -21.01   -0.00    0.00     1.04     -787.94 
120      0.71     9.99     137.61   -457.58  -96.01   -351.53  0.00     0.00     0.00     -20.92   -0.00    0.00     0.72     -787.71 
121      0.61     10.19    114.74   -462.47  -93.39   -352.46  0.00     0.00     0.00     -20.00   -0.00    0.00     1.35     -812.24 
122      0.67     10.12    114.88   -457.00  -91.63   -346.41  0.00     0.00     0.00     -20.94   -0.00    0.00     1.52     -799.57 
123      0.60     10.06    124.31   -455.95  -88.79   -352.06  0.00     0.00     0.00     -20.24   -0.00    0.00     1.21     -791.51 
124      0.56     10.33    124.07   -458.96  -95.14   -349.14  0.00     0.00     0.00     -19.92   -0.00    0.00     1.10     -797.99 
125      0.62     10.42    135.11   -460.71  -93.73   -351.17  0.00     0.00     0.00     -22.53   -0.00    0.00     1.07     -791.97 
126      0.67     10.23    116.89   -456.18  -90.62   -352.63  0.00     0.00     0.00     -20.70   -0.00    0.00     1.16     -802.07 
127      0.62     10.52    123.49   -460.13  -89.11   -351.88  0.00     0.00     0.00     -20.29   -0.00    0.00     1.08     -796.85 
128      0.56     10.64    126.13   -459.19  -81.31   -352.69  0.00     0.00     0.00     -21.84   -0.00    0.00     1.29     -787.61 
129      0.70     10.62    126.14   -455.05  -87.16   -350.01  0.00     0.00     0.00     -20.59   0.00     0.00     1.42     -785.24 
130      0.68     10.08    141.43   -454.72  -90.45   -349.10  0.00     0.00     0.00     -20.10   0.00     0.00     1.23     -771.70 
131      0.64     10.48    133.39   -459.98  -90.51   -351.26  0.00     0.00     0.00     -21.29   0.00     0.00     1.40     -788.24 
132      0.65     10.11    110.03   -454.25  -98.65   -353.67  0.00     0.00     0.00     -19.91   0.00     0.00     0.89     -815.56 
133      0.62     10.48    137.22   -454.75  -91.12   -350.74  0.00     0.00     0.00     -20.48   0.00     0.00     0.88     -779.00 
134      0.61     10.01    126.93   -455.64  -94.04   -350.81  0.00     0.00     0.00     -21.50   -0.00    0.00     0.99     -794.06 
135      0.65     9.99     119.40   -455.53  -101.30  -349.78  0.00     0.00     0.00     -19.76   -0.00    0.00     0.99     -805.98 
136      0.65     10.04    133.91   -459.85  -97.74   -349.40  0.00     0.00     0.00     -20.72   0.00     0.00     1.11     -792.68 
137      0.66     10.34    120.74   -453.99  -93.20   -346.34  0.00     0.00     0.00     -20.16   0.00     0.00     0.81     -792.13 
138      0.58     11.04    137.27   -456.96  -85.03   -353.06  0.00     0.00     0.00     -21.88   -0.00    0.00     1.55     -778.12 
139      0.61     10.39    133.03   -453.10  -88.01   -351.94  0.00     0.00     0.00     -19.64   0.00     0.00     1.47     -778.19 
140      0.62     10.25    130.49   -457.87  -88.62   -349.15  0.00     0.00     0.00     -19.92   -0.00    0.00     1.44     -783.63 
141      0.61     10.40    131.13   -451.78  -92.54   -351.57  0.00     0.00     0.00     -19.88   -0.00    0.00     1.40     -783.24 
142      0.60     10.31    114.90   -458.11  -89.39   -350.17  0.00     0.00     0.00     -20.08   -0.00    0.00     1.29     -801.55 
143      0.59     10.84    122.58   -452.39  -85.91   -352.35  0.00     0.00     0.00     -20.50   -0.00    0.00     1.67     -786.92 
144      0.70     10.25    127.92   -460.93  -90.24   -350.70  0.00     0.00     0.00     -21.81   -0.00    0.00     1.15     -794.63 
145      0.68     10.40    132.11   -458.15  -87.76   -352.59  0.00     0.00     0.00     -20.57   -0.00    0.00     1.38     -785.59 
146      0.64     10.08    134.96   -457.00  -93.42   -351.84  0.00     0.00     0.00     -20.56   -0.00    0.00     1.08     -786.79 
147      0.74     10.34    121.56   -456.79  -94.40   -351.24  0.00     0.00     0.00     -20.67   0.00     0.00     1.40     -800.15 
148      0.65     10.39    126.32   -462.00  -91.62   -353.64  0.00     0.00     0.00     -19.54   0.00     0.00     1.48     -799.00 
149      0.71     10.43    136.25   -454.09  -92.54   -352.28  0.00     0.00     0.00     -21.43   0.00     0.00     1.75     -782.35 
150      0.66     10.13    134.89   -452.40  -100.94  -349.68  0.00     0.00     0.00     -20.28   0.00     0.00     1.34     -787.08 
151      0.66     10.56    140.02   -460.14  -92.27   -350.20  0.00     0.00     0.00     -18.76   0.00     0.00     1.00     -780.34 
152      0.71     10.27    124.82   -460.01  -92.86   -354.29  0.00     0.00     0.00     -20.58   0.00     0.00     0.86     -802.06 
153      0.61     10.31    134.73   -446.83  -93.02   -350.78  0.00     0.00     0.00     -21.20   0.00     0.00     0.95     -776.16 
154      0.55     10.54    121.86   -461.82  -89.16   -351.43  0.00     0.00     0.00     -21.35   0.00     0.00     1.01     -800.89 
155      0.62     9.98     119.24   -456.44  -102.58  -349.21  0.00     0.00     0.00     -18.32   -0.00    0.00     1.26     -806.04 
156      0.55     10.32    119.01   -462.12  -94.27   -348.08  0.00     0.00     0.00     -19.47   -0.00    0.00     0.80     -804.14 
157      0.64     10.40    117.11   -448.53  -90.77   -356.69  0.00     0.00     0.00     -21.07   -0.00    0.00     1.10     -798.85 
158      0.63     10.39    120.61   -454.92  -97.41   -352.67  0.00     0.00     0.00     -20.98   0.00     0.00     0.93     -804.43 
159      0.63     10.51    117.31   -444.94  -89.86   -352.59  0.00     0.00     0.00     -19.58   -0.00    0.00     1.14     -788.51 
160      0.67     10.35    130.22   -458.78  -94.45   -355.97  0.00     0.00     0.00     -21.19   0.00     0.00     1.16     -799.00 
161      0.65     10.49    138.71   -458.02  -94.82   -350.37  0.00     0.00     0.00     -19.96   -0.00    0.00     0.70     -783.75 
162      0.63     10.41    120.64   -454.23  -90.01   -354.34  0.00     0.00     0.00     -20.68   -0.00    0.00     1.35     -797.26 
163      0.65     10.38    105.27   -454.38  -95.50   -350.25  0.00     0.00     0.00     -19.53   -0.00    0.00     0.77     -813.61 
164      0.68     10.18    147.65   -458.02  -94.47   -353.78  0.00     0.00     0.00     -19.85   -0.00    0.00     0.94     -777.53 
165      0.62     10.15    129.89   -459.30  -96.60   -353.12  0.00     0.00     0.00     -19.43   -0.00    0.00     1.09     -797.48 
166      0.56     10.21    115.61   -450.64  -90.98   -356.39  0.00     0.00     0.00     -18.93   -0.00    0.00     1.14     -800.19 
167      0.56     10.67    130.23   -452.39  -89.09   -350.25  0.00     0.00     0.00     -18.27   -0.00    0.00     1.48     -778.30 
168      0.67     10.20    123.07   -452.36  -99.26   -349.64  0.00     0.00     0.00     -22.38   -0.00    0.00     1.24     -799.33 
169      0.55     10.49    124.91   -441.49  -94.68   -352.88  0.00     0.00     0.00     -20.93   -0.00    0.00     1.49     -783.58 
170      0.57     10.26    128.77   -457.50  -89.02   -356.74  0.00     0.00     0.00     -19.23   -0.00    0.00     1.15     -792.56 
171      0.62     10.28    128.39   -448.94  -92.19   -350.04  0.00     0.00     0.00     -21.13   -0.00    0.00     0.78     -783.12 
172      0.71     10.26    119.41   -449.38  -85.39   -351.05  0.00     0.00     0.00     -22.15   0.00     0.00     0.55     -788.00 
173      0.64     10.37    125.49   -450.73  -92.35   -353.33  0.00     0.00     0.00     -20.98   -0.00    0.00     1.38     -790.52 
174      0.59     10.35    114.69   -458.36  -90.97   -356.11  0.00     0.00     0.00     -22.91   -0.00    0.00     0.68     -812.98 
175      0.60     10.38    121.93   -454.47  -91.68   -353.73  0.00     0.00     0.00     -21.08   -0.00    0.00     1.08     -797.95 
176      0.63     10.28    126.85   -453.68  -95.60   -351.33  0.00     0.00     0.00     -18.70   -0.00    0.00     0.97     -791.49 
177      0.62     10.46    123.65   -455.91  -90.88   -350.02  0.00     0.00     0.00     -19.43   0.00     0.00     1.20     -791.39 
178      0.67     10.17    129.37   -448.67  -95.46   -357.03  0.00     0.00     0.00     -21.42   -0.00    0.00     0.74     -792.46 
179      0.56     10.20    127.83   -455.69  -96.65   -352.57  0.00     0.00     0.00     -20.39   -0.00    0.00     0.76     -796.71 
180      0.61     10.20    113.35   -454.36  -91.29   -351.82  0.00     0.00     0.00     -20.13   -0.00    0.00     0.82     -803.43 
181      0.62     10.10    127.93   -457.97  -91.15   -351.69  0.00     0.00     0.00     -18.52   -0.00    0.00     0.86     -790.53 
182      0.65     10.52    128.28   -455.12  -86.60   -353.33  0.00     0.00     0.00     -20.72   -0.00    0.00     1.05     -786.43 
183      0.60     10.43    126.85   -455.10  -93.57   -352.97  0.00     0.00     0.00     -20.07   0.00     0.00     0.89     -793.96 
184      0.62     10.51    117.82   -454.53  -88.03   -352.18  0.00     0.00     0.00     -21.24   -0.00    0.00     1.16     -797.00 
185      0.67     10.39    120.84   -461.48  -88.60   -350.44  0.00     0.00     0.00     -19.80   -0.00    0.00     1.72     -797.76 
186      0.62     10.10    129.30   -451.30  -100.80  -354.97  0.00     0.00     0.00     -22.20   0.00     0.00     1.06     -798.92 
187      0.66     10.36    129.86   -456.16  -90.90   -351.19  0.00     0.00     0.00     -21.39   -0.00    0.00     1.05     -788.72 
188      0.57     10.70    143.05   -450.93  -90.03   -348.45  0.00     0.00     0.00     -19.84   -0.00    0.00     1.25     -764.95 
189      0.69     10.17    142.82   -456.15  -91.81   -347.24  0.00     0.00     0.00     -20.90   0.00     0.00     0.88     -772.40 
190      0.66     10.44    128.05   -456.37  -91.87   -353.57  0.00     0.00     0.00     -21.96   -0.00    0.00     0.69     -795.04 
191      0.61     10.60    115.24   -455.49  -88.06   -350.55  0.00     0.00     0.00     -18.63   0.00     0.00     1.00     -796.48 
192      0.62     10.18    118.27   -454.13  -93.60   -350.13  0.00     0.00     0.00     -19.83   -0.00    0.00     0.84     -798.58 
193      0.66     10.21    126.60   -462.10  -88.35   -351.85  0.00     0.00     0.00     -21.83   -0.00    0.00     1.38     -796.16 
194      0.63     10.24    126.48   -456.96  -89.77   -351.88  0.00     0.00     0.00     -21.83   -0.00    0.00     1.07     -792.89 
195      0.59     10.52    124.53   -454.34  -96.60   -348.07  0.00     0.00     0.00     -20.91   -0.00    0.00     0.88     -794.51 
196      0.64     10.33    126.89   -462.50  -93.18   -352.59  0.00     0.00     0.00     -19.33   -0.00    0.00     1.21     -799.50 
197      0.64     10.36    131.20   -458.92  -92.45   -354.06  0.00     0.00     0.00     -20.88   -0.00    0.00     0.97     -794.14 
198      0.61     10.98    135.40   -457.76  -89.60   -354.07  0.00     0.00     0.00     -20.24   -0.00    0.00     1.24     -785.04 
199      0.62     10.12    131.55   -450.51  -94.22   -353.65  0.00     0.00     0.00     -20.17   -0.00    0.00     1.30     -785.71 
200      0.66     10.17    126.32   -464.04  -90.10   -349.38  0.00     0.00     0.00     -19.54   -0.00    0.00     0.88     -795.86 
201      0.55     10.54    130.49   -445.15  -92.92   -350.18  0.00     0.00     0.00     -18.18   -0.00    0.00     1.52     -774.42 
202      0.63     10.36    130.12   -455.32  -98.36   -352.13  0.00     0.00     0.00     -21.36   -0.00    0.00     0.91     -796.14 
203      0.55     10.54    125.18   -458.23  -87.99   -352.03  0.00     0.00     0.00     -19.97   -0.00    0.00     1.23     -791.81 
204      0.62     10.27    118.52   -457.36  -94.49   -353.72  0.00     0.00     0.00     -19.10   -0.00    0.00     0.74     -805.41 
205      0.63     10.25    124.24   -462.23  -87.44   -350.88  0.00     0.00     0.00     -20.09   -0.00    0.00     1.12     -795.29 
206      0.67     10.57    123.18   -463.02  -91.37   -352.35  0.00     0.00     0.00     -21.37   -0.00    0.00     1.18     -803.75 
207      0.70     10.17    120.03   -461.08  -99.55   -350.57  0.00     0.00     0.00     -19.74   -0.00    0.00     1.48     -809.41 
208      0.58     10.48    122.29   -457.76  -91.89   -350.12  0.00     0.00     0.00     -20.55   -0.00    0.00     0.93     -797.11 
209      0.66     10.52    142.68   -456.98  -89.70   -349.06  0.00     0.00     0.00     -20.87   0.00     0.00     1.22     -772.70 
210      0.55     10.49    123.69   -458.84  -92.46   -348.62  0.00     0.00     0.00     -19.49   -0.00    0.00     1.57     -794.16 
211      0.66     10.36    146.51   -459.68  -90.94   -353.55  0.00     0.00     0.00     -20.80   -0.00    0.00     1.14     -777.31 
212      0.71     10.21    130.25   -458.47  -92.68   -354.60  0.00     0.00     0.00     -21.74   0.00     0.00     1.13     -796.12 
213      0.69     9.86     122.56   -456.78  -97.96   -347.98  0.00     0.00     0.00     -22.83   -0.00    0.00     0.96     -802.04 
214      0.65     10.23    125.75   -455.90  -87.05   -348.82  0.00     0.00     0.00     -20.09   -0.00    0.00     0.64     -785.47 
215      0.64     10.14    118.61   -456.07  -95.81   -350.72  0.00     0.00     0.00     -19.90   -0.00    0.00     0.88     -803.02 
216      0.61     10.73    133.01   -448.18  -88.24   -354.83  0.00     0.00     0.00     -20.36   -0.00    0.00     1.38     -777.22 
217      0.60     10.01    128.68   -445.30  -98.17   -350.75  0.00     0.00     0.00     -19.04   -0.00    0.00     0.86     -783.71 
218      0.60     10.55    127.59   -450.52  -94.29   -355.13  0.00     0.00     0.00     -21.94   -0.00    0.00     1.19     -793.10 
219      0.62     10.24    125.26   -464.44  -97.11   -350.27  0.00     0.00     0.00     -20.41   0.00     0.00     0.87     -806.10 
220      0.69     10.55    131.87   -455.25  -91.21   -354.65  0.00     0.00     0.00     -19.55   0.00     0.00     1.24     -787.55 
221      0.63     10.53    123.08   -456.34  -84.60   -347.09  0.00     0.00     0.00     -18.69   0.00     0.00     1.45     -782.20 
222      0.67     10.40    130.06   -455.76  -90.53   -350.26  0.00     0.00     0.00     -22.28   -0.00    0.00     1.14     -787.62 
223      0.64     10.36    118.93   -456.20  -96.71   -351.49  0.00     0.00     0.00     -19.17   -0.00    0.00     0.79     -803.85 
224      0.60     10.76    118.90   -460.17  -85.20   -353.90  0.00     0.00     0.00     -19.32   -0.00    0.00     1.13     -798.56 
225      0.63     10.51    127.86   -462.02  -88.75   -350.12  0.00     0.00     0.00     -20.60   -0.00    0.00     1.14     -792.49 
226      0.66     10.41    121.08   -460.06  -90.51   -353.65  0.00     0.00     0.00     -20.72   -0.00    0.00     1.15     -802.71 
227      0.61     10.30    128.02   -461.50  -88.28   -350.24  0.00     0.00     0.00     -21.00   -0.00    0.00     1.26     -791.74 
228      0.73     10.18    124.98   -456.75  -94.93   -352.36  0.00     0.00     0.00     -21.36   -0.00    0.00     0.61     -799.81 
229      0.70     10.43    133.43   -462.83  -91.69   -351.73  0.00     0.00     0.00     -20.36   -0.00    0.00     1.02     -792.15 
230      0.72     10.34    125.78   -459.90  -97.20   -351.19  0.00     0.00     0.00     -16.90   0.00     0.00     0.76     -798.65 
231      0.57     10.86    129.51   -454.09  -86.22   -351.53  0.00     0.00     0.00     -21.81   -0.00    0.00     1.25     -782.90 
232      0.63     10.06    124.82   -452.42  -94.86   -353.12  0.00     0.00     0.00     -22.06   -0.00    0.00     0.74     -796.90 
233      0.61     10.37    122.83   -458.88  -96.79   -353.13  0.00     0.00     0.00     -19.84   -0.00    0.00     0.85     -804.96 
234      0.64     10.48    124.64   -459.67  -91.36   -351.75  0.00     0.00     0.00     -20.38   -0.00    0.00     1.09     -797.42 
235      0.62     10.26    127.76   -456.14  -91.96   -349.38  0.00     0.00     0.00     -20.37   -0.00    0.00     1.10     -788.99 
236      0.57     10.44    130.04   -455.25  -91.19   -349.86  0.00     0.00     0.00     -19.09   -0.00    0.00     1.27     -784.08 
237      0.67     10.39    129.36   -459.49  -91.80   -352.54  0.00     0.00     0.00     -21.49   0.00     0.00     1.51     -794.44 
238      0.63     10.32    126.09   -462.46  -99.68   -352.11  0.00     0.00     0.00     -18.05   0.00     0.00     0.90     -805.30 
239      0.66     10.42    115.54   -460.06  -94.91   -355.48  0.00     0.00     0.00     -20.00   -0.00    0.00     0.83     -814.07 
240      0.69     10.19    136.84   -460.89  -97.56   -351.73  0.00     0.00     0.00     -20.06   -0.00    0.00     1.19     -792.20 
241      0.70     10.18    136.48   -454.65  -95.71   -349.30  0.00     0.00     0.00     -20.62   -0.00    0.00     1.06     -782.74 
242      0.61     10.56    128.42   -456.30  -92.86   -353.61  0.00     0.00     0.00     -20.20   -0.00    0.00     1.27     -793.28 
243      0.60     10.31    120.76   -453.40  -90.96   -351.51  0.00     0.00     0.00     -19.84   -0.00    0.00     0.96     -793.99 
244      0.69     10.03    126.52   -450.64  -95.24   -351.98  0.00     0.00     0.00     -20.69   0.00     0.00     0.80     -791.23 
245      0.60     10.28    146.64   -462.92  -91.43   -351.56  0.00     0.00     0.00     -18.51   -0.00    0.00     1.11     -776.68 
246      0.61     10.43    138.96   -454.87  -92.46   -352.52  0.00     0.00     0.00     -20.94   -0.00    0.00     0.63     -781.21 
247      0.63     10.11    123.99   -458.70  -90.22   -351.46  0.00     0.00     0.00     -17.75   -0.00    0.00     0.67     -793.47 
248      0.57     10.25    118.20   -449.68  -92.59   -355.80  0.00     0.00     0.00     -20.30   -0.00    0.00     1.33     -798.85 
249      0.67     10.24    127.68   -456.24  -88.22   -351.64  0.00     0.00     0.00     -18.09   -0.00    0.00     1.26     -785.24 
250      0.68     10.49    120.39   -460.24  -90.54   -351.63  0.00     0.00     0.00     -20.07   0.00     0.00     1.20     -800.90 
251      0.63     10.26    132.49   -460.09  -92.09   -352.44  0.00     0.00     0.00     -19.91   -0.00    0.00     1.10     -790.94 
252      0.60     10.28    126.51   -453.58  -87.49   -350.33  0.00     0.00     0.00     -19.55   -0.00    0.00     1.01     -783.43 
253      0.67     10.33    116.30   -459.18  -90.87   -353.14  0.00     0.00     0.00     -21.00   0.00     0.00     0.98     -806.91 
254      0.65     10.56    132.84   -440.12  -92.74   -352.30  0.00     0.00     0.00     -18.92   -0.00    0.00     1.44     -769.79 
255      0.65     10.25    132.98   -456.25  -98.24   -349.27  0.00     0.00     0.00     -19.38   -0.00    0.00     0.96     -789.19 
256      0.60     10.61    142.79   -454.11  -87.47   -350.76  0.00     0.00     0.00     -21.59   0.00     0.00     1.68     -769.45 
257      0.65     10.50    123.71   -461.27  -92.15   -351.82  0.00     0.00     0.00     -19.88   0.00     0.00     1.43     -799.97 
258      0.64     10.25    122.79   -457.80  -95.74   -352.03  0.00     0.00     0.00     -24.47   -0.00    0.00     0.97     -806.27 
259      0.62     10.19    121.68   -453.38  -96.62   -350.29  0.00     0.00     0.00     -20.11   -0.00    0.00     1.14     -797.58 
260      0.66     10.49    131.67   -458.72  -94.14   -353.53  0.00     0.00     0.00     -20.78   0.00     0.00     1.19     -794.31 
261      0.61     10.50    126.07   -452.19  -90.62   -353.88  0.00     0.00     0.00     -19.99   0.00     0.00     1.39     -789.22 
262      0.70     10.17    125.53   -454.24  -90.08   -352.99  0.00     0.00     0.00     -23.58   -0.00    0.00     1.48     -793.88 
263      0.70     10.18    127.49   -447.42  -96.72   -349.14  0.00     0.00     0.00     -18.73   -0.00    0.00     0.92     -783.60 
264      0.57     10.61    113.81   -458.65  -95.61   -352.59  0.00     0.00     0.00     -19.30   0.00     0.00     0.90     -811.44 
265      0.58     10.37    139.91   -453.54  -85.98   -357.09  0.00     0.00     0.00     -21.36   -0.00    0.00     1.15     -776.91 
266      0.70     9.96     118.10   -457.44  -94.14   -353.47  0.00     0.00     0.00     -23.20   -0.00    0.00     0.34     -809.80 
267      0.63     10.30    120.94   -453.66  -90.37   -354.04  0.00     0.00     0.00     -23.03   -0.00    0.00     1.13     -799.03 
268      0.65     10.44    110.72   -454.33  -91.65   -351.93  0.00     0.00     0.00     -21.84   0.00     0.00     1.02     -808.02 
269      0.66     10.39    132.09   -454.22  -93.58   -351.11  0.00     0.00     0.00     -21.18   -0.00    0.00     1.13     -786.87 
270      0.69     10.47    134.05   -455.08  -94.29   -353.73  0.00     0.00     0.00     -19.71   -0.00    0.00     1.33     -787.43 
271      0.68     10.40    126.04   -457.72  -94.41   -350.46  0.00     0.00     0.00     -20.10   0.00     0.00     1.43     -795.22 
272      0.56     10.42    134.34   -459.87  -93.93   -347.53  0.00     0.00     0.00     -18.95   -0.00    0.00     0.84     -785.10 
273      0.61     10.50    125.72   -452.67  -91.70   -352.29  0.00     0.00     0.00     -22.21   -0.00    0.00     1.04     -792.10 
274      0.57     10.27    110.76   -461.25  -91.51   -350.20  0.00     0.00     0.00     -22.01   -0.00    0.00     1.10     -813.10 
275      0.66     10.28    124.61   -457.32  -92.48   -349.79  0.00     0.00     0.00     -20.05   0.00     0.00     0.67     -794.37 
276      0.62     10.38    131.16   -455.74  -93.51   -355.49  0.00     0.00     0.00     -20.59   -0.00    0.00     1.24     -792.92 
277      0.71     10.25    137.34   -446.77  -94.05   -354.61  0.00     0.00     0.00     -21.10   -0.00    0.00     1.48     -777.71 
278      0.55     10.44    131.06   -451.87  -90.51   -348.14  0.00     0.00     0.00     -19.54   0.00     0.00     0.99     -778.01 
279      0.67     10.19    127.74   -456.80  -89.61   -352.50  0.00     0.00     0.00     -21.80   -0.00    0.00     0.68     -792.29 
280      0.65     10.50    132.10   -457.05  -94.26   -352.24  0.00     0.00     0.00     -21.54   -0.00    0.00     0.70     -792.28 
281      0.71     10.05    127.69   -451.40  -95.15   -350.00  0.00     0.00     0.00     -18.79   -0.00    0.00     1.10     -786.55 
282      0.62     10.08    112.42   -461.18  -95.50   -352.41  0.00     0.00     0.00     -19.11   -0.00    0.00     1.19     -814.59 
283      0.66     10.32    128.08   -462.01  -92.95   -349.97  0.00     0.00     0.00     -19.32   -0.00    0.00     1.00     -795.16 
284      0.71     10.18    138.51   -457.49  -94.04   -352.13  0.00     0.00     0.00     -20.06   -0.00    0.00     0.86     -784.36 
285      0.70     10.04    147.07   -453.03  -97.98   -350.53  0.00     0.00     0.00     -18.78   -0.00    0.00     0.98     -772.28 
286      0.63     10.18    135.63   -455.86  -94.50   -351.17  0.00     0.00     0.00     -19.70   -0.00    0.00     1.08     -784.51 
287      0.65     10.07    131.19   -460.86  -85.95   -354.82  0.00     0.00     0.00     -20.34   -0.00    0.00     0.89     -789.88 
288      0.63     10.07    128.50   -459.37  -92.04   -349.31  0.00     0.00     0.00     -20.74   -0.00    0.00     0.74     -792.22 
289      0.73     10.37    128.64   -453.25  -96.54   -355.30  0.00     0.00     0.00     -19.21   -0.00    0.00     0.82     -794.84 
290      0.74     10.39    125.38   -453.32  -95.20   -354.09  0.00     0.00     0.00     -19.95   -0.00    0.00     0.71     -796.47 
291      0.65     10.24    126.38   -462.08  -91.45   -351.62  0.00     0.00     0.00     -21.70   -0.00    0.00     1.16     -799.32 
292      0.62     10.03    121.35   -454.66  -94.97   -351.59  0.00     0.00     0.00     -22.71   -0.00    0.00     1.32     -801.26 
293      0.72     10.12    134.04   -462.16  -97.00   -352.54  0.00     0.00     0.00     -20.93   -0.00    0.00     1.21     -797.37 
294      0.74     10.11    124.35   -462.16  -94.34   -348.31  0.00     0.00     0.00     -20.99   -0.00    0.00     1.16     -800.28 
295      0.64     10.30    132.39   -455.27  -95.27   -350.46  0.00     0.00     0.00     -18.59   -0.00    0.00     0.92     -786.28 
296      0.65     10.33    141.85   -456.21  -93.93   -352.02  0.00     0.00     0.00     -20.87   -0.00    0.00     0.64     -780.54 
297      0.67     10.43    133.34   -461.47  -92.32   -352.27  0.00     0.00     0.00     -21.61   -0.00    0.00     1.07     -793.27 
298      0.72     10.41    129.40   -457.37  -86.43   -354.52  0.00     0.00     0.00     -19.90   0.00     0.00     0.81     -788.00 
299      0.62     10.04    143.39   -457.17  -88.77   -352.40  0.00     0.00     0.00     -19.92   -0.00    0.00     0.83     -774.04 
300      0.58     10.32    137.14   -458.33  -97.33   -350.70  0.00     0.00     0.00     -18.81   0.00     0.00     0.57     -787.46 
301      0.63     10.13    131.87   -455.13  -94.80   -350.95  0.00     0.00     0.00     -20.68   -0.00    0.00     0.99     -788.71 
302      0.58     9.97     127.84   -460.82  -95.52   -351.82  0.00     0.00     0.00     -20.03   -0.00    0.00     1.01     -799.34 
303      0.64     10.41    133.27   -456.69  -89.91   -353.31  0.00     0.00     0.00     -19.76   -0.00    0.00     1.46     -784.93 
304      0.61     9.96     112.91   -455.98  -95.71   -349.88  0.00     0.00     0.00     -19.03   -0.00    0.00     1.07     -806.62 
305      0.54     10.38    125.14   -459.53  -91.08   -351.93  0.00     0.00     0.00     -20.67   -0.00    0.00     0.99     -797.08 
306      0.72     10.24    129.00   -460.32  -87.76   -351.67  0.00     0.00     0.00     -19.28   -0.00    0.00     1.09     -788.93 
307      0.45     11.11    116.10   -457.81  -78.95   -355.63  0.00     0.00     0.00     -22.99   0.00     0.00     1.42     -797.85 
308      0.56     10.44    132.04   -454.96  -90.92   -355.86  0.00     0.00     0.00     -20.46   -0.00    0.00     1.30     -788.86 
309      0.63     10.51    135.47   -460.82  -88.24   -353.61  0.00     0.00     0.00     -21.17   -0.00    0.00     1.10     -787.28 
310      0.68     10.13    123.32   -456.05  -94.96   -353.11  0.00     0.00     0.00     -20.25   -0.00    0.00     0.95     -800.10 
311      0.60     10.62    120.89   -463.94  -86.30   -353.59  0.00     0.00     0.00     -20.69   -0.00    0.00     1.08     -802.56 
312      0.73     10.37    132.04   -459.63  -92.82   -355.31  0.00     0.00     0.00     -20.99   0.00     0.00     1.22     -795.49 
313      0.66     10.22    123.51   -457.86  -87.16   -351.32  0.00     0.00     0.00     -19.43   -0.00    0.00     0.71     -791.55 
314      0.56     10.62    122.92   -461.75  -89.01   -350.14  0.00     0.00     0.00     -19.88   -0.00    0.00     1.22     -796.64 
315      0.69     10.40    143.09   -458.55  -91.59   -352.06  0.00     0.00     0.00     -19.59   0.00     0.00     1.20     -777.51 
316      0.64     10.26    130.95   -453.50  -95.59   -350.99  0.00     0.00     0.00     -20.84   -0.00    0.00     0.86     -789.10 
317      0.64     10.49    145.85   -453.62  -92.03   -350.15  0.00     0.00     0.00     -21.54   0.00     0.00     1.16     -770.32 
318      0.62     10.36    134.91   -464.41  -91.19   -353.24  0.00     0.00     0.00     -21.63   -0.00    0.00     1.12     -794.43 
319      0.59     10.54    130.73   -451.47  -92.15   -349.76  0.00     0.00     0.00     -19.99   0.00     0.00     0.97     -781.66 
320      0.70     10.37    113.33   -459.41  -89.07   -352.41  0.00     0.00     0.00     -21.58   0.00     0.00     1.16     -807.97 
321      0.64     10.25    129.03   -458.18  -93.92   -352.77  0.00     0.00     0.00     -21.69   0.00     0.00     1.05     -796.49 
322      0.62     10.46    127.97   -454.48  -90.93   -351.26  0.00     0.00     0.00     -20.81   -0.00    0.00     0.90     -788.60 
323      0.69     10.36    130.91   -452.46  -87.93   -354.09  0.00     0.00     0.00     -20.81   0.00     0.00     1.18     -783.20 
324      0.72     10.14    124.43   -451.34  -90.34   -351.06  0.00     0.00     0.00     -19.55   -0.00    0.00     1.31     -786.55 
325      0.68     10.25    136.24   -458.95  -95.96   -353.47  0.00     0.00     0.00     -19.30   0.00     0.00     1.23     -790.20 
326      0.71     10.09    125.41   -463.09  -89.27   -352.31  0.00     0.00     0.00     -19.80   -0.00    0.00     1.18     -797.89 
327      0.70     10.38    129.96   -461.29  -91.25   -354.43  0.00     0.00     0.00     -21.67   0.00     0.00     1.57     -797.11 
328      0.58     10.79    135.00   -455.40  -82.96   -348.76  0.00     0.00     0.00     -22.33   -0.00    0.00     1.75     -772.70 
329      0.60     10.39    118.27   -457.20  -98.46   -351.95  0.00     0.00     0.00     -17.85   -0.00    0.00     1.27     -805.91 
330      0.62     10.48    134.78   -455.84  -93.35   -347.79  0.00     0.00     0.00     -20.25   0.00     0.00     1.76     -780.69 
331      0.72     10.32    139.51   -453.26  -92.52   -349.94  0.00     0.00     0.00     -20.05   0.00     0.00     1.17     -775.10 
332      0.67     10.19    129.32   -462.11  -96.39   -353.47  0.00     0.00     0.00     -23.08   -0.00    0.00     1.02     -804.71 
333      0.73     10.24    143.94   -453.72  -90.85   -350.68  0.00     0.00     0.00     -22.09   0.00     0.00     0.82     -772.59 
334      0.68     10.45    132.01   -455.31  -85.63   -355.45  0.00     0.00     0.00     -22.36   0.00     0.00     1.22     -785.52 
335      0.59     10.93    134.83   -459.48  -82.36   -352.79  0.00     0.00     0.00     -21.01   0.00     0.00     1.30     -779.51 
336      0.71     10.24    128.52   -452.66  -95.75   -350.47  0.00     0.00     0.00     -21.29   0.00     0.00     0.76     -790.88 
337      0.65     10.26    130.71   -448.43  -92.12   -348.92  0.00     0.00     0.00     -20.04   -0.00    0.00     1.19     -777.61 
338      0.65     10.69    136.59   -458.43  -87.60   -348.78  0.00     0.00     0.00     -19.71   -0.00    0.00     1.89     -776.03 
339      0.64     10.25    122.12   -453.92  -94.03   -353.18  0.00     0.00     0.00     -21.12   -0.00    0.00     1.22     -798.91 
340      0.62     10.65    120.11   -448.71  -87.15   -351.74  0.00     0.00     0.00     -20.66   -0.00    0.00     1.26     -786.88 
341      0.59     10.44    132.74   -456.96  -90.01   -349.07  0.00     0.00     0.00     -19.48   0.00     0.00     1.22     -781.55 
342      0.63     10.79    126.82   -453.01  -86.40   -351.80  0.00     0.00     0.00     -20.36   0.00     0.00     0.99     -783.77 
343      0.64     10.80    136.62   -441.74  -86.42   -351.76  0.00     0.00     0.00     -20.17   0.00     0.00     1.52     -761.95 
344      0.71     10.26    130.37   -451.99  -93.47   -351.97  0.00     0.00     0.00     -20.00   0.00     0.00     1.05     -786.00 
345      0.62     10.31    127.84   -457.52  -90.02   -354.22  0.00     0.00     0.00     -19.86   0.00     0.00     1.07     -792.70 
346      0.64     10.40    109.66   -453.49  -87.62   -353.44  0.00     0.00     0.00     -20.90   0.00     0.00     1.06     -804.73 
347      0.72     10.28    130.64   -453.94  -86.80   -349.63  0.00     0.00     0.00     -18.44   0.00     0.00     1.46     -776.70 
348      0.61     10.53    137.51   -449.48  -89.77   -352.95  0.00     0.00     0.00     -24.03   -0.00    0.00     1.37     -777.35 
349      0.63     10.75    123.41   -452.98  -86.26   -354.45  0.00     0.00     0.00     -21.04   0.00     0.00     1.46     -789.85 
350      0.57     10.37    131.46   -456.96  -88.93   -349.26  0.00     0.00     0.00     -18.39   0.00     0.00     1.15     -780.93 
351      0.66     10.15    116.31   -446.41  -91.93   -350.37  0.00     0.00     0.00     -21.55   0.00     0.00     0.87     -793.08 
352      0.64     10.07    136.01   -454.02  -97.99   -352.23  0.00     0.00     0.00     -21.51   0.00     0.00     1.02     -788.71 
353      0.60     10.48    120.56   -458.49  -88.49   -349.19  0.00     0.00     0.00     -18.38   0.00     0.00     1.41     -792.57 
354      0.65     10.63    110.68   -453.20  -91.17   -350.57  0.00     0.00     0.00     -19.88   -0.00    0.00     1.54     -802.60 
355      0.66     10.24    122.28   -459.53  -95.61   -349.22  0.00     0.00     0.00     -18.37   -0.00    0.00     1.41     -799.05 
356      0.65     10.22    134.20   -449.81  -95.52   -353.21  0.00     0.00     0.00     -21.80   0.00     0.00     1.00     -785.14 
357      0.67     10.44    128.89   -461.84  -91.84   -351.86  0.00     0.00     0.00     -20.72   0.00     0.00     1.25     -796.12 
358      0.67     10.10    133.86   -453.67  -93.61   -353.19  0.00     0.00     0.00     -21.25   -0.00    0.00     1.23     -786.64 
359      0.61     10.69    129.42   -455.84  -87.85   -350.21  0.00     0.00     0.00     -21.56   0.00     0.00     1.30     -784.74 
360      0.63     10.45    116.96   -451.91  -91.27   -349.93  0.00     0.00     0.00     -19.57   0.00     0.00     0.86     -794.86 
361      0.60     10.43    133.96   -456.80  -90.39   -355.43  0.00     0.00     0.00     -20.57   -0.00    0.00     1.11     -788.11 
362      0.57     10.19    127.55   -457.51  -90.26   -347.18  0.00     0.00     0.00     -20.34   -0.00    0.00     1.08     -786.66 
363      0.55     10.52    121.38   -451.23  -90.98   -350.71  0.00     0.00     0.00     -20.33   -0.00    0.00     1.08     -790.80 
364      0.63     10.35    123.03   -455.13  -93.78   -350.76  0.00     0.00     0.00     -18.25   -0.00    0.00     1.24     -793.66 
365      0.69     10.12    138.01   -454.91  -92.32   -350.59  0.00     0.00     0.00     -20.38   -0.00    0.00     1.12     -779.07 
366      0.68     10.45    135.37   -463.85  -89.97   -350.60  0.00     0.00     0.00     -20.34   -0.00    0.00     1.18     -788.20 
367      0.62     10.79    124.11   -455.70  -88.03   -353.69  0.00     0.00     0.00     -21.17   -0.00    0.00     1.46     -793.02 
368      0.62     10.20    118.63   -455.66  -96.65   -351.87  0.00     0.00     0.00     -20.23   -0.00    0.00     1.02     -804.76 
369      0.59     10.29    124.87   -453.29  -89.25   -350.27  0.00     0.00     0.00     -20.97   -0.00    0.00     0.83     -788.07 
370      0.66     10.29    131.17   -456.23  -95.20   -348.47  0.00     0.00     0.00     -19.21   -0.00    0.00     0.94     -787.00 
371      0.61     10.15    132.86   -451.44  -97.50   -352.98  0.00     0.00     0.00     -21.22   -0.00    0.00     1.22     -789.07 
372      0.68     10.05    115.96   -454.92  -95.31   -353.34  0.00     0.00     0.00     -20.12   -0.00    0.00     0.87     -806.86 
373      0.66     10.28    133.88   -458.07  -94.72   -351.37  0.00     0.00     0.00     -19.17   0.00     0.00     0.84     -788.60 
374      0.63     10.42    139.22   -460.40  -86.25   -351.53  0.00     0.00     0.00     -21.79   -0.00    0.00     0.94     -779.82 
375      0.64     10.57    118.22   -458.19  -95.97   -350.77  0.00     0.00     0.00     -22.03   -0.00    0.00     0.84     -807.91 
376      0.66     10.30    135.74   -460.01  -84.77   -349.98  0.00     0.00     0.00     -23.64   -0.00    0.00     1.17     -781.49 
377      0.62     10.13    132.13   -460.65  -99.25   -351.80  0.00     0.00     0.00     -23.15   -0.00    0.00     0.79     -801.92 
378      0.70     10.30    131.46   -457.82  -88.30   -348.55  0.00     0.00     0.00     -19.17   -0.00    0.00     1.17     -781.21 
379      0.64     10.30    117.62   -457.94  -92.66   -352.77  0.00     0.00     0.00     -18.62   -0.00    0.00     1.29     -803.09 
380      0.64     10.21    119.86   -451.70  -93.90   -353.34  0.00     0.00     0.00     -20.81   -0.00    0.00     1.04     -798.86 
381      0.60     10.44    122.91   -456.67  -90.28   -352.59  0.00     0.00     0.00     -19.53   -0.00    0.00     1.15     -795.00 
382      0.61     10.39    109.33   -459.42  -94.28   -350.83  0.00     0.00     0.00     -21.80   -0.00    0.00     0.65     -816.36 
383      0.56     10.68    136.64   -460.51  -87.33   -353.36  0.00     0.00     0.00     -21.07   -0.00    0.00     1.36     -784.27 
384      0.56     10.37    126.42   -450.65  -92.33   -349.54  0.00     0.00     0.00     -19.62   -0.00    0.00     1.06     -784.66 
385      0.66     10.40    146.94   -460.22  -94.04   -352.33  0.00     0.00     0.00     -19.17   -0.00    0.00     0.65     -778.15 
386      0.60     10.63    144.69   -456.72  -87.84   -350.73  0.00     0.00     0.00     -20.31   -0.00    0.00     1.10     -769.81 
387      0.63     10.40    130.74   -458.69  -92.78   -348.36  0.00     0.00     0.00     -18.38   -0.00    0.00     0.99     -786.48 
388      0.57     10.59    134.63   -449.95  -91.11   -349.09  0.00     0.00     0.00     -20.12   -0.00    0.00     0.95     -774.68 
389      0.67     10.35    130.36   -452.73  -97.25   -352.25  0.00     0.00     0.00     -21.32   -0.00    0.00     1.25     -791.94 
390      0.56     10.33    132.47   -455.43  -93.31   -352.22  0.00     0.00     0.00     -19.08   -0.00    0.00     0.85     -786.72 
391      0.67     10.25    118.99   -457.30  -95.59   -351.12  0.00     0.00     0.00     -20.90   -0.00    0.00     0.84     -805.08 
392      0.55     10.17    141.68   -452.13  -88.72   -343.02  0.00     0.00     0.00     -19.91   -0.00    0.00     0.62     -761.48 
393      0.67     10.05    142.77   -458.17  -91.32   -353.79  0.00     0.00     0.00     -20.52   -0.00    0.00     1.24     -779.80 
394      0.63     10.22    118.00   -457.14  -88.57   -352.60  0.00     0.00     0.00     -21.40   -0.00    0.00     0.92     -800.79 
395      0.66     10.10    137.15   -452.32  -95.72   -353.70  0.00     0.00     0.00     -21.71   -0.00    0.00     0.79     -785.51 
396      0.61     10.46    131.27   -457.63  -93.40   -351.62  0.00     0.00     0.00     -18.10   0.00     0.00     0.98     -788.51 
397      0.59     10.72    129.41   -450.12  -85.05   -350.49  0.00     0.00     0.00     -19.92   0.00     0.00     1.33     -774.85 
398      0.62     10.64    128.53   -454.74  -91.84   -353.99  0.00     0.00     0.00     -19.30   0.00     0.00     1.12     -790.23 
399      0.64     10.38    127.00   -452.63  -98.38   -349.85  0.00     0.00     0.00     -20.25   -0.00    0.00     1.29     -792.83 
400      0.57     10.76    112.18   -458.95  -92.15   -349.45  0.00     0.00     0.00     -19.66   -0.00    0.00     1.08     -806.95 
401      0.64     10.42    127.94   -461.33  -94.95   -348.50  0.00     0.00     0.00     -20.27   0.00     0.00     1.57     -795.54 
