Steps    Q        Rg       Backbone Rama     Contact  Fragment Membrane ER       TBM_Q    Beta     Pap      Helical  Debye_huckel Total   
0        1.00     10.06    80.42    -357.54  -74.08   -363.62  0.00     0.00     0.00     -23.45   0.00     0.00     0.74     -737.53 
1        0.96     10.09    4.42     -441.56  -87.60   -363.93  0.00     0.00     0.00     -24.63   -0.00    0.00     0.98     -912.33 
2        0.62     10.18    122.52   -460.10  -92.10   -354.51  0.00     0.00     0.00     -21.34   -0.00    0.00     0.98     -804.55 
3        0.57     10.66    137.08   -453.43  -83.94   -350.32  0.00     0.00     0.00     -21.28   0.00     0.00     0.60     -771.29 
4        0.65     10.53    126.46   -463.95  -90.14   -354.68  0.00     0.00     0.00     -19.80   -0.00    0.00     1.02     -801.10 
5        0.68     10.27    116.47   -457.25  -89.62   -351.89  0.00     0.00     0.00     -22.07   0.00     0.00     0.53     -803.83 
6        0.61     10.10    126.59   -454.40  -92.41   -352.18  0.00     0.00     0.00     -20.21   -0.00    0.00     1.02     -791.59 
7        0.68     10.44    139.37   -458.05  -93.21   -350.67  0.00     0.00     0.00     -19.67   -0.00    0.00     1.33     -780.89 
8        0.63     10.54    147.17   -456.68  -92.85   -350.89  0.00     0.00     0.00     -19.76   0.00     0.00     1.25     -771.74 
9        0.60     10.32    114.26   -449.25  -88.22   -354.07  0.00     0.00     0.00     -20.08   -0.00    0.00     0.82     -796.54 
10       0.65     10.42    135.21   -460.34  -92.59   -347.08  0.00     0.00     0.00     -17.20   -0.00    0.00     1.16     -780.84 
11       0.61     10.32    130.59   -457.33  -93.04   -353.21  0.00     0.00     0.00     -20.76   -0.00    0.00     0.88     -792.88 
12       0.55     10.53    137.17   -460.93  -89.62   -353.53  0.00     0.00     0.00     -19.37   -0.00    0.00     1.06     -785.22 
13       0.56     10.67    131.10   -457.31  -92.22   -349.66  0.00     0.00     0.00     -19.94   -0.00    0.00     1.26     -786.77 
14       0.60     10.19    130.16   -465.74  -93.99   -353.70  0.00     0.00     0.00     -20.31   -0.00    0.00     1.42     -802.15 
15       0.59     10.82    113.89   -458.23  -83.89   -354.06  0.00     0.00     0.00     -20.68   -0.00    0.00     1.45     -801.52 
16       0.62     10.39    129.49   -456.76  -91.69   -350.31  0.00     0.00     0.00     -22.30   -0.00    0.00     0.88     -790.70 
17       0.65     10.42    130.92   -458.12  -89.89   -350.83  0.00     0.00     0.00     -19.66   -0.00    0.00     1.20     -786.38 
18       0.63     10.37    134.74   -451.19  -93.20   -351.47  0.00     0.00     0.00     -19.46   -0.00    0.00     0.99     -779.60 
19       0.62     10.11    134.78   -449.45  -96.25   -353.88  0.00     0.00     0.00     -21.39   -0.00    0.00     1.33     -784.87 
20       0.68     10.27    120.94   -451.28  -90.73   -352.46  0.00     0.00     0.00     -18.92   -0.00    0.00     1.12     -791.34 
21       0.71     10.28    113.13   -453.38  -92.57   -356.07  0.00     0.00     0.00     -18.94   0.00     0.00     1.05     -806.78 
22       0.64     10.37    125.33   -455.65  -94.46   -353.33  0.00     0.00     0.00     -21.95   -0.00    0.00     1.10     -798.95 
23       0.64     9.99     133.27   -457.66  -97.38   -352.55  0.00     0.00     0.00     -22.04   -0.00    0.00     0.93     -795.43 
24       0.53     10.62    111.42   -448.72  -91.75   -351.93  0.00     0.00     0.00     -17.69   -0.00    0.00     1.31     -797.36 
25       0.66     10.59    116.73   -457.70  -84.69   -353.59  0.00     0.00     0.00     -20.88   -0.00    0.00     1.00     -799.13 
26       0.54     10.53    139.42   -449.93  -92.91   -350.69  0.00     0.00     0.00     -20.33   -0.00    0.00     1.09     -773.36 
27       0.68     10.19    136.20   -457.54  -92.08   -352.19  0.00     0.00     0.00     -19.10   -0.00    0.00     1.23     -783.48 
28       0.64     10.07    127.13   -449.58  -94.49   -351.13  0.00     0.00     0.00     -21.08   -0.00    0.00     1.06     -788.09 
29       0.76     10.26    134.60   -458.57  -93.12   -352.33  0.00     0.00     0.00     -21.47   -0.00    0.00     0.72     -790.17 
30       0.58     10.52    149.59   -455.58  -89.46   -352.01  0.00     0.00     0.00     -18.00   -0.00    0.00     0.95     -764.52 
31       0.62     9.64     127.85   -453.67  -97.84   -353.60  0.00     0.00     0.00     -21.88   -0.00    0.00     0.64     -798.49 
32       0.59     10.25    124.59   -453.28  -91.92   -348.88  0.00     0.00     0.00     -20.32   -0.00    0.00     0.96     -788.85 
33       0.59     10.92    119.04   -455.74  -85.21   -351.90  0.00     0.00     0.00     -22.03   0.00     0.00     1.20     -794.63 
34       0.62     10.05    131.19   -456.80  -95.91   -350.15  0.00     0.00     0.00     -19.68   -0.00    0.00     0.72     -790.62 
35       0.62     10.23    130.91   -448.03  -90.04   -348.99  0.00     0.00     0.00     -20.05   -0.00    0.00     1.34     -774.85 
36       0.65     10.19    116.18   -453.40  -90.57   -352.16  0.00     0.00     0.00     -19.00   -0.00    0.00     0.82     -798.12 
37       0.61     11.02    130.33   -451.56  -87.54   -349.39  0.00     0.00     0.00     -19.81   0.00     0.00     1.26     -776.71 
38       0.66     10.23    140.33   -456.34  -90.21   -353.69  0.00     0.00     0.00     -19.67   -0.00    0.00     0.90     -778.67 
39       0.68     9.99     131.29   -463.23  -94.70   -351.20  0.00     0.00     0.00     -20.47   -0.00    0.00     1.12     -797.19 
40       0.71     10.50    147.57   -457.19  -96.12   -349.27  0.00     0.00     0.00     -19.57   -0.00    0.00     1.09     -773.49 
41       0.65     10.64    126.85   -450.57  -89.81   -352.70  0.00     0.00     0.00     -20.69   -0.00    0.00     1.29     -785.63 
42       0.69     10.41    113.35   -461.35  -94.11   -351.24  0.00     0.00     0.00     -19.68   -0.00    0.00     1.08     -811.94 
43       0.63     10.10    124.92   -455.85  -95.35   -354.66  0.00     0.00     0.00     -19.82   -0.00    0.00     0.67     -800.09 
44       0.64     10.29    125.26   -457.03  -91.30   -350.62  0.00     0.00     0.00     -22.11   -0.00    0.00     1.06     -794.75 
45       0.59     10.21    136.20   -459.07  -96.95   -348.59  0.00     0.00     0.00     -18.19   -0.00    0.00     0.93     -785.66 
46       0.64     10.32    115.05   -454.83  -92.64   -355.60  0.00     0.00     0.00     -20.06   -0.00    0.00     1.26     -806.81 
47       0.69     10.03    123.77   -457.00  -93.07   -351.68  0.00     0.00     0.00     -19.86   -0.00    0.00     1.24     -796.60 
48       0.66     10.21    135.07   -459.24  -95.41   -350.79  0.00     0.00     0.00     -21.77   -0.00    0.00     0.96     -791.17 
49       0.52     10.56    145.48   -454.51  -89.37   -350.40  0.00     0.00     0.00     -18.26   -0.00    0.00     0.82     -766.24 
50       0.55     10.29    112.84   -454.26  -95.81   -351.03  0.00     0.00     0.00     -21.47   -0.00    0.00     0.76     -808.97 
51       0.53     10.23    141.49   -461.24  -95.77   -354.24  0.00     0.00     0.00     -18.97   -0.00    0.00     0.85     -787.88 
52       0.70     10.28    137.52   -456.49  -92.29   -350.12  0.00     0.00     0.00     -21.47   -0.00    0.00     1.67     -781.17 
53       0.69     10.35    123.95   -458.20  -98.34   -349.46  0.00     0.00     0.00     -19.04   0.00     0.00     1.01     -800.08 
54       0.62     10.50    139.88   -456.09  -88.58   -353.68  0.00     0.00     0.00     -19.36   -0.00    0.00     0.89     -776.94 
55       0.55     10.35    128.09   -451.83  -90.78   -349.11  0.00     0.00     0.00     -18.11   -0.00    0.00     1.07     -780.67 
56       0.66     10.21    117.51   -452.12  -94.81   -349.44  0.00     0.00     0.00     -20.93   -0.00    0.00     0.66     -799.14 
57       0.65     10.29    126.14   -457.38  -96.03   -351.57  0.00     0.00     0.00     -19.41   -0.00    0.00     1.30     -796.95 
58       0.68     10.29    121.62   -449.95  -89.88   -346.58  0.00     0.00     0.00     -18.77   -0.00    0.00     0.90     -782.66 
59       0.66     10.18    121.46   -454.25  -96.26   -352.60  0.00     0.00     0.00     -20.18   -0.00    0.00     1.08     -800.75 
60       0.56     10.90    134.82   -460.07  -83.89   -354.81  0.00     0.00     0.00     -18.98   -0.00    0.00     1.41     -781.53 
61       0.62     10.40    124.93   -454.65  -95.39   -351.35  0.00     0.00     0.00     -20.75   -0.00    0.00     1.11     -796.10 
62       0.56     10.05    135.84   -461.22  -93.54   -351.01  0.00     0.00     0.00     -18.72   -0.00    0.00     1.06     -787.58 
63       0.64     10.32    105.50   -456.93  -90.80   -353.86  0.00     0.00     0.00     -19.41   -0.00    0.00     0.88     -814.62 
64       0.71     10.27    121.37   -457.31  -92.92   -356.29  0.00     0.00     0.00     -19.73   0.00     0.00     0.92     -803.97 
65       0.65     10.22    124.83   -459.27  -92.67   -354.27  0.00     0.00     0.00     -18.81   -0.00    0.00     0.92     -799.26 
66       0.68     10.12    137.28   -451.67  -91.06   -350.19  0.00     0.00     0.00     -21.02   -0.00    0.00     1.13     -775.53 
67       0.70     10.22    140.70   -454.74  -94.74   -349.62  0.00     0.00     0.00     -20.55   -0.00    0.00     1.17     -777.79 
68       0.52     10.20    131.37   -455.14  -89.15   -349.45  0.00     0.00     0.00     -18.25   -0.00    0.00     1.16     -779.47 
69       0.66     10.51    124.30   -464.75  -92.24   -349.55  0.00     0.00     0.00     -18.20   0.00     0.00     1.32     -799.12 
70       0.62     10.02    141.15   -457.10  -91.60   -350.41  0.00     0.00     0.00     -20.37   -0.00    0.00     0.88     -777.44 
71       0.59     10.31    135.78   -451.20  -95.74   -352.13  0.00     0.00     0.00     -20.44   -0.00    0.00     1.23     -782.50 
72       0.64     10.25    123.54   -453.24  -96.98   -353.59  0.00     0.00     0.00     -21.15   -0.00    0.00     1.24     -800.17 
73       0.67     10.07    125.91   -448.00  -98.24   -350.08  0.00     0.00     0.00     -19.87   -0.00    0.00     1.07     -789.20 
74       0.60     10.56    131.88   -457.44  -93.13   -349.84  0.00     0.00     0.00     -19.23   -0.00    0.00     0.84     -786.93 
75       0.62     9.98     127.19   -447.00  -93.52   -352.97  0.00     0.00     0.00     -21.35   -0.00    0.00     1.00     -786.64 
76       0.61     9.84     132.41   -452.76  -93.46   -347.83  0.00     0.00     0.00     -22.63   -0.00    0.00     0.83     -783.45 
77       0.66     10.24    123.75   -462.26  -96.87   -354.45  0.00     0.00     0.00     -19.43   -0.00    0.00     1.09     -808.17 
78       0.69     10.21    123.21   -457.06  -91.93   -352.31  0.00     0.00     0.00     -19.06   -0.00    0.00     1.28     -795.88 
79       0.68     10.28    143.14   -458.44  -97.86   -352.67  0.00     0.00     0.00     -18.07   0.00     0.00     0.72     -783.18 
80       0.65     9.95     124.15   -453.72  -98.39   -354.74  0.00     0.00     0.00     -20.93   -0.00    0.00     0.89     -802.74 
81       0.67     10.34    134.86   -457.50  -98.38   -353.63  0.00     0.00     0.00     -21.65   -0.00    0.00     0.92     -795.38 
82       0.63     10.43    125.72   -460.31  -95.02   -353.85  0.00     0.00     0.00     -19.19   -0.00    0.00     0.95     -801.70 
83       0.64     10.21    137.10   -456.70  -93.26   -353.88  0.00     0.00     0.00     -19.90   -0.00    0.00     0.80     -785.85 
84       0.64     10.06    118.68   -459.91  -98.96   -351.01  0.00     0.00     0.00     -19.23   -0.00    0.00     1.00     -809.43 
85       0.68     10.17    136.02   -463.46  -87.95   -355.43  0.00     0.00     0.00     -21.24   -0.00    0.00     1.37     -790.68 
86       0.68     10.32    129.41   -451.11  -92.21   -352.50  0.00     0.00     0.00     -21.79   -0.00    0.00     1.23     -786.98 
87       0.62     10.23    122.54   -457.62  -98.64   -352.41  0.00     0.00     0.00     -19.92   -0.00    0.00     0.92     -805.14 
88       0.61     10.15    118.99   -457.18  -91.61   -349.92  0.00     0.00     0.00     -21.42   -0.00    0.00     0.92     -800.22 
89       0.60     10.21    126.19   -458.10  -93.02   -351.40  0.00     0.00     0.00     -21.20   -0.00    0.00     1.09     -796.44 
90       0.62     10.32    135.16   -449.82  -96.58   -351.73  0.00     0.00     0.00     -18.74   -0.00    0.00     1.09     -780.62 
91       0.70     10.44    137.72   -451.30  -91.75   -349.28  0.00     0.00     0.00     -19.03   -0.00    0.00     1.41     -772.21 
92       0.66     10.13    143.41   -458.92  -98.05   -351.38  0.00     0.00     0.00     -21.00   0.00     0.00     1.02     -784.92 
93       0.62     10.35    125.84   -456.64  -93.98   -351.66  0.00     0.00     0.00     -19.22   -0.00    0.00     1.24     -794.42 
94       0.60     10.64    131.41   -453.54  -90.70   -351.20  0.00     0.00     0.00     -20.67   0.00     0.00     1.20     -783.51 
95       0.62     10.76    142.52   -459.11  -83.20   -351.10  0.00     0.00     0.00     -21.07   -0.00    0.00     1.29     -770.66 
96       0.68     10.25    118.83   -456.89  -94.18   -355.15  0.00     0.00     0.00     -20.73   0.00     0.00     1.23     -806.89 
97       0.73     10.25    111.02   -453.51  -92.15   -352.81  0.00     0.00     0.00     -19.60   -0.00    0.00     0.95     -806.09 
98       0.60     10.40    123.18   -448.48  -96.13   -350.45  0.00     0.00     0.00     -16.60   -0.00    0.00     0.64     -787.83 
99       0.65     10.56    128.90   -450.75  -92.20   -356.60  0.00     0.00     0.00     -20.89   -0.00    0.00     1.42     -790.11 
100      0.69     10.27    137.86   -457.00  -94.36   -351.62  0.00     0.00     0.00     -19.20   -0.00    0.00     1.27     -783.05 
101      0.70     10.11    142.20   -456.87  -96.49   -350.43  0.00     0.00     0.00     -19.67   -0.00    0.00     1.31     -779.94 
102      0.61     10.51    137.97   -452.77  -90.35   -352.99  0.00     0.00     0.00     -18.91   -0.00    0.00     1.13     -775.91 
103      0.55     10.42    128.91   -453.31  -95.44   -352.82  0.00     0.00     0.00     -20.67   -0.00    0.00     1.20     -792.13 
104      0.57     10.03    119.46   -450.43  -92.59   -347.83  0.00     0.00     0.00     -20.65   -0.00    0.00     0.83     -791.22 
105      0.65     10.73    134.71   -454.82  -85.83   -353.23  0.00     0.00     0.00     -21.76   -0.00    0.00     1.57     -779.35 
106      0.62     10.39    113.96   -451.61  -94.38   -353.02  0.00     0.00     0.00     -20.30   -0.00    0.00     1.32     -804.04 
107      0.67     10.47    124.02   -454.87  -95.54   -354.10  0.00     0.00     0.00     -19.88   -0.00    0.00     0.75     -799.63 
108      0.62     10.43    121.11   -459.35  -90.53   -352.20  0.00     0.00     0.00     -21.50   0.00     0.00     1.15     -801.32 
109      0.69     10.25    133.32   -448.30  -95.70   -353.23  0.00     0.00     0.00     -20.97   0.00     0.00     1.80     -783.08 
110      0.60     10.05    135.11   -452.63  -88.99   -353.67  0.00     0.00     0.00     -20.44   -0.00    0.00     1.10     -779.52 
111      0.67     10.10    110.77   -453.84  -94.39   -353.80  0.00     0.00     0.00     -20.62   0.00     0.00     0.64     -811.24 
112      0.64     10.08    116.62   -456.06  -99.91   -352.48  0.00     0.00     0.00     -21.79   0.00     0.00     0.83     -812.80 
113      0.63     10.44    126.30   -456.48  -93.82   -348.50  0.00     0.00     0.00     -18.50   0.00     0.00     1.02     -789.98 
114      0.68     10.34    130.22   -455.30  -94.74   -351.52  0.00     0.00     0.00     -19.15   0.00     0.00     1.15     -789.32 
115      0.72     10.55    126.45   -452.04  -82.59   -354.63  0.00     0.00     0.00     -21.82   0.00     0.00     1.13     -783.50 
116      0.68     10.29    124.23   -455.92  -92.34   -354.56  0.00     0.00     0.00     -18.90   -0.00    0.00     1.27     -796.22 
117      0.68     10.14    133.25   -451.93  -91.84   -351.11  0.00     0.00     0.00     -20.46   0.00     0.00     0.61     -781.49 
118      0.61     10.31    135.27   -451.38  -94.01   -350.88  0.00     0.00     0.00     -17.97   -0.00    0.00     1.02     -777.96 
119      0.65     10.34    135.92   -458.67  -88.99   -351.48  0.00     0.00     0.00     -19.39   0.00     0.00     1.06     -781.56 
120      0.64     10.27    138.93   -453.92  -95.24   -348.44  0.00     0.00     0.00     -18.65   -0.00    0.00     1.07     -776.25 
121      0.63     10.69    122.47   -458.39  -91.94   -343.24  0.00     0.00     0.00     -17.84   -0.00    0.00     0.88     -788.07 
122      0.67     10.42    135.83   -462.24  -95.81   -353.71  0.00     0.00     0.00     -20.35   -0.00    0.00     1.05     -795.23 
123      0.64     10.29    123.48   -462.92  -92.89   -346.62  0.00     0.00     0.00     -18.96   0.00     0.00     1.66     -796.25 
124      0.69     10.18    135.07   -461.66  -94.22   -352.38  0.00     0.00     0.00     -19.87   -0.00    0.00     1.08     -791.98 
125      0.66     10.27    123.62   -450.53  -94.85   -350.88  0.00     0.00     0.00     -18.77   0.00     0.00     1.02     -790.39 
126      0.65     10.53    116.40   -454.82  -90.82   -353.02  0.00     0.00     0.00     -20.67   -0.00    0.00     1.24     -801.68 
127      0.65     10.35    127.10   -453.89  -88.63   -353.74  0.00     0.00     0.00     -19.38   0.00     0.00     1.06     -787.46 
128      0.62     10.20    120.39   -458.40  -92.87   -352.49  0.00     0.00     0.00     -21.81   -0.00    0.00     1.23     -803.94 
129      0.57     10.79    123.31   -457.04  -84.20   -346.92  0.00     0.00     0.00     -18.35   0.00     0.00     1.27     -781.92 
130      0.63     10.69    113.79   -452.68  -94.09   -353.19  0.00     0.00     0.00     -20.63   -0.00    0.00     0.84     -805.96 
131      0.58     10.18    129.96   -452.30  -94.33   -351.93  0.00     0.00     0.00     -19.03   -0.00    0.00     0.91     -786.71 
132      0.66     10.18    131.10   -460.38  -90.14   -349.43  0.00     0.00     0.00     -20.89   -0.00    0.00     1.12     -788.63 
133      0.65     10.41    115.75   -455.04  -89.62   -353.22  0.00     0.00     0.00     -21.39   0.00     0.00     1.06     -802.47 
134      0.66     10.39    135.93   -454.77  -95.81   -352.93  0.00     0.00     0.00     -19.09   -0.00    0.00     0.88     -785.80 
135      0.48     10.85    119.76   -457.03  -87.67   -350.48  0.00     0.00     0.00     -19.53   -0.00    0.00     1.24     -793.72 
136      0.65     10.25    114.27   -457.68  -94.43   -345.99  0.00     0.00     0.00     -20.77   0.00     0.00     0.76     -803.84 
137      0.65     10.38    116.96   -460.52  -94.42   -354.50  0.00     0.00     0.00     -19.66   -0.00    0.00     1.22     -810.92 
138      0.64     10.04    142.19   -457.16  -92.28   -352.13  0.00     0.00     0.00     -18.72   -0.00    0.00     0.88     -777.22 
139      0.60     10.28    118.17   -453.87  -88.59   -350.19  0.00     0.00     0.00     -18.49   -0.00    0.00     0.75     -792.22 
140      0.65     10.20    140.33   -455.37  -99.10   -347.37  0.00     0.00     0.00     -16.87   -0.00    0.00     1.00     -777.37 
141      0.55     10.10    115.11   -447.59  -92.41   -349.25  0.00     0.00     0.00     -20.59   -0.00    0.00     1.14     -793.59 
142      0.51     10.59    126.02   -461.60  -87.18   -346.37  0.00     0.00     0.00     -18.64   -0.00    0.00     1.31     -786.48 
143      0.64     10.24    121.77   -458.07  -92.97   -350.18  0.00     0.00     0.00     -20.56   -0.00    0.00     0.89     -799.14 
144      0.56     10.42    133.18   -458.87  -90.85   -353.46  0.00     0.00     0.00     -19.64   -0.00    0.00     0.99     -788.65 
145      0.67     10.23    123.00   -451.91  -93.07   -353.90  0.00     0.00     0.00     -20.48   -0.00    0.00     0.73     -795.63 
146      0.71     10.27    132.01   -457.04  -88.74   -353.59  0.00     0.00     0.00     -20.70   0.00     0.00     1.20     -786.86 
147      0.67     10.41    126.17   -459.41  -89.86   -351.28  0.00     0.00     0.00     -21.54   -0.00    0.00     1.18     -794.75 
148      0.61     10.19    128.82   -461.24  -95.37   -348.64  0.00     0.00     0.00     -22.37   -0.00    0.00     1.58     -797.21 
149      0.66     10.39    135.31   -457.77  -92.47   -355.78  0.00     0.00     0.00     -20.81   -0.00    0.00     1.03     -790.49 
150      0.66     10.48    138.56   -454.99  -88.15   -351.63  0.00     0.00     0.00     -19.94   -0.00    0.00     1.18     -774.96 
151      0.53     10.41    132.10   -459.39  -92.07   -352.62  0.00     0.00     0.00     -19.69   -0.00    0.00     1.35     -790.32 
152      0.59     10.14    125.16   -453.87  -95.07   -351.80  0.00     0.00     0.00     -18.99   -0.00    0.00     0.73     -793.85 
153      0.57     10.37    126.20   -455.87  -88.79   -349.60  0.00     0.00     0.00     -20.83   -0.00    0.00     1.19     -787.71 
154      0.62     10.09    118.67   -453.95  -97.69   -349.96  0.00     0.00     0.00     -19.88   -0.00    0.00     1.03     -801.78 
155      0.65     10.52    119.47   -458.92  -89.64   -348.91  0.00     0.00     0.00     -20.74   -0.00    0.00     0.96     -797.77 
156      0.62     10.57    116.06   -451.93  -88.58   -351.70  0.00     0.00     0.00     -18.20   -0.00    0.00     0.97     -793.39 
157      0.51     11.14    133.26   -461.33  -89.45   -343.99  0.00     0.00     0.00     -17.32   -0.00    0.00     1.18     -777.65 
158      0.71     10.28    119.90   -460.59  -90.77   -351.24  0.00     0.00     0.00     -20.33   -0.00    0.00     0.61     -802.42 
159      0.64     10.37    122.23   -456.19  -92.10   -352.60  0.00     0.00     0.00     -21.42   0.00     0.00     0.84     -799.24 
160      0.71     10.21    129.87   -454.03  -89.37   -351.35  0.00     0.00     0.00     -21.97   0.00     0.00     1.14     -785.71 
161      0.66     10.06    134.76   -451.99  -100.54  -350.72  0.00     0.00     0.00     -19.80   -0.00    0.00     0.75     -787.54 
162      0.66     10.37    125.30   -454.44  -93.23   -354.98  0.00     0.00     0.00     -20.62   -0.00    0.00     1.02     -796.94 
163      0.60     10.24    129.06   -454.09  -95.88   -348.53  0.00     0.00     0.00     -20.18   -0.00    0.00     0.94     -788.68 
164      0.64     10.19    126.66   -456.15  -93.08   -354.16  0.00     0.00     0.00     -21.48   -0.00    0.00     0.90     -797.30 
165      0.74     9.90     129.01   -456.65  -98.69   -351.73  0.00     0.00     0.00     -18.91   -0.00    0.00     0.19     -796.77 
166      0.60     10.34    126.68   -455.74  -93.25   -348.27  0.00     0.00     0.00     -20.52   -0.00    0.00     1.06     -790.04 
167      0.71     10.28    121.40   -455.54  -91.79   -354.62  0.00     0.00     0.00     -20.01   -0.00    0.00     1.42     -799.14 
168      0.63     10.05    121.73   -458.07  -92.22   -352.07  0.00     0.00     0.00     -21.99   -0.00    0.00     0.67     -801.96 
169      0.53     10.38    130.56   -451.20  -87.65   -352.93  0.00     0.00     0.00     -19.84   -0.00    0.00     1.25     -779.80 
170      0.56     10.65    132.89   -458.00  -85.32   -347.43  0.00     0.00     0.00     -20.04   -0.00    0.00     0.99     -776.92 
171      0.66     10.30    132.79   -455.76  -90.68   -352.89  0.00     0.00     0.00     -18.73   -0.00    0.00     1.14     -784.13 
172      0.62     10.29    111.62   -463.12  -97.49   -356.78  0.00     0.00     0.00     -20.60   -0.00    0.00     0.87     -825.50 
173      0.65     10.61    139.16   -459.27  -84.74   -352.60  0.00     0.00     0.00     -21.93   -0.00    0.00     1.40     -777.98 
174      0.72     10.22    131.70   -460.48  -95.56   -352.08  0.00     0.00     0.00     -20.44   -0.00    0.00     0.92     -795.93 
175      0.65     10.53    106.40   -453.19  -93.41   -351.17  0.00     0.00     0.00     -20.13   -0.00    0.00     1.07     -810.44 
176      0.61     10.31    126.88   -450.06  -93.18   -354.97  0.00     0.00     0.00     -20.88   -0.00    0.00     1.04     -791.18 
177      0.62     10.66    133.37   -437.44  -89.15   -350.69  0.00     0.00     0.00     -19.77   -0.00    0.00     1.35     -762.33 
178      0.66     10.41    128.11   -461.76  -88.32   -353.75  0.00     0.00     0.00     -21.89   -0.00    0.00     1.21     -796.39 
179      0.66     10.44    117.61   -466.07  -90.76   -353.32  0.00     0.00     0.00     -19.77   -0.00    0.00     1.27     -811.04 
180      0.62     9.99     138.37   -447.57  -103.40  -352.71  0.00     0.00     0.00     -18.37   -0.00    0.00     0.71     -782.96 
181      0.76     10.19    133.51   -460.60  -93.15   -350.84  0.00     0.00     0.00     -18.26   0.00     0.00     0.76     -788.57 
182      0.66     10.34    119.00   -459.92  -91.54   -354.29  0.00     0.00     0.00     -21.38   -0.00    0.00     1.01     -807.12 
183      0.66     10.44    117.97   -454.42  -94.92   -354.37  0.00     0.00     0.00     -18.79   -0.00    0.00     1.04     -803.48 
184      0.70     10.37    134.82   -457.92  -92.28   -349.86  0.00     0.00     0.00     -20.27   -0.00    0.00     0.50     -785.03 
185      0.53     10.37    146.65   -459.88  -90.16   -356.51  0.00     0.00     0.00     -21.08   -0.00    0.00     1.25     -779.73 
186      0.67     10.03    114.50   -453.50  -90.61   -350.85  0.00     0.00     0.00     -20.26   -0.00    0.00     0.93     -799.78 
187      0.66     10.32    128.22   -458.97  -88.93   -352.13  0.00     0.00     0.00     -21.77   -0.00    0.00     0.98     -792.60 
188      0.65     10.20    129.29   -456.74  -89.21   -350.73  0.00     0.00     0.00     -19.11   -0.00    0.00     1.15     -785.36 
189      0.61     10.35    129.19   -458.98  -87.71   -351.40  0.00     0.00     0.00     -18.70   0.00     0.00     0.41     -787.19 
190      0.67     10.28    136.93   -459.88  -94.07   -350.91  0.00     0.00     0.00     -18.09   -0.00    0.00     1.34     -784.69 
191      0.68     10.10    142.40   -453.53  -96.09   -353.62  0.00     0.00     0.00     -20.23   -0.00    0.00     1.02     -780.06 
192      0.54     10.25    130.02   -460.24  -91.66   -348.43  0.00     0.00     0.00     -20.38   -0.00    0.00     0.81     -789.87 
193      0.70     10.14    131.41   -460.12  -94.54   -351.79  0.00     0.00     0.00     -20.19   -0.00    0.00     1.05     -794.17 
194      0.60     10.90    156.02   -460.01  -88.20   -351.23  0.00     0.00     0.00     -20.29   -0.00    0.00     1.30     -762.41 
195      0.64     10.59    126.48   -455.54  -88.78   -351.25  0.00     0.00     0.00     -22.70   -0.00    0.00     1.25     -790.54 
196      0.64     10.14    125.19   -461.42  -93.56   -347.15  0.00     0.00     0.00     -20.48   -0.00    0.00     0.83     -796.58 
197      0.65     10.22    131.75   -463.72  -98.01   -347.55  0.00     0.00     0.00     -21.52   -0.00    0.00     0.96     -798.10 
198      0.61     10.21    155.43   -458.70  -99.05   -353.30  0.00     0.00     0.00     -19.21   0.00     0.00     1.06     -773.77 
199      0.67     10.38    121.40   -456.89  -85.50   -348.46  0.00     0.00     0.00     -22.41   -0.00    0.00     1.03     -790.84 
200      0.64     10.45    121.40   -463.24  -94.82   -351.32  0.00     0.00     0.00     -17.78   -0.00    0.00     0.99     -804.77 
201      0.64     10.09    113.16   -458.08  -96.47   -351.88  0.00     0.00     0.00     -20.67   -0.00    0.00     0.90     -813.04 
202      0.73     10.17    126.10   -462.28  -93.43   -350.52  0.00     0.00     0.00     -21.01   0.00     0.00     0.79     -800.36 
203      0.68     10.32    126.00   -458.84  -92.84   -351.27  0.00     0.00     0.00     -20.85   -0.00    0.00     0.95     -796.84 
204      0.67     10.31    118.35   -462.85  -92.91   -350.46  0.00     0.00     0.00     -20.36   -0.00    0.00     0.94     -807.29 
205      0.58     10.71    135.22   -458.94  -91.80   -349.22  0.00     0.00     0.00     -19.27   -0.00    0.00     0.97     -783.04 
206      0.74     10.38    135.06   -450.68  -93.99   -352.33  0.00     0.00     0.00     -19.55   0.00     0.00     1.00     -780.49 
207      0.62     9.99     135.06   -456.74  -100.21  -353.81  0.00     0.00     0.00     -19.09   -0.00    0.00     1.01     -793.79 
208      0.65     10.23    127.92   -450.59  -93.46   -351.14  0.00     0.00     0.00     -19.11   -0.00    0.00     1.20     -785.19 
209      0.64     10.26    135.62   -454.56  -96.64   -350.89  0.00     0.00     0.00     -18.21   -0.00    0.00     1.08     -783.61 
210      0.58     10.26    127.49   -455.56  -93.14   -348.35  0.00     0.00     0.00     -23.02   -0.00    0.00     0.83     -791.75 
211      0.65     10.02    127.12   -454.80  -93.59   -348.50  0.00     0.00     0.00     -20.08   -0.00    0.00     0.54     -789.30 
212      0.58     10.65    127.38   -459.01  -90.88   -344.73  0.00     0.00     0.00     -18.93   0.00     0.00     1.38     -784.79 
213      0.71     10.44    129.82   -451.05  -87.90   -356.21  0.00     0.00     0.00     -21.51   0.00     0.00     1.13     -785.73 
214      0.64     10.60    135.94   -450.93  -88.03   -353.15  0.00     0.00     0.00     -20.22   0.00     0.00     1.20     -775.19 
215      0.63     10.48    129.28   -459.03  -90.57   -352.88  0.00     0.00     0.00     -21.61   0.00     0.00     1.34     -793.46 
216      0.69     10.47    131.27   -457.29  -89.87   -352.64  0.00     0.00     0.00     -21.65   -0.00    0.00     1.12     -789.06 
217      0.61     10.72    131.04   -456.78  -86.29   -350.55  0.00     0.00     0.00     -19.09   -0.00    0.00     1.36     -780.31 
218      0.63     10.58    112.10   -462.86  -86.57   -353.44  0.00     0.00     0.00     -18.22   0.00     0.00     1.02     -807.97 
219      0.66     10.31    108.77   -450.62  -92.06   -353.31  0.00     0.00     0.00     -19.32   -0.00    0.00     1.02     -805.53 
220      0.68     10.42    126.64   -456.79  -90.80   -349.32  0.00     0.00     0.00     -19.04   -0.00    0.00     1.14     -788.16 
221      0.62     10.02    119.86   -449.89  -98.45   -352.27  0.00     0.00     0.00     -21.14   -0.00    0.00     0.85     -801.04 
222      0.62     10.52    132.82   -453.51  -89.94   -351.99  0.00     0.00     0.00     -21.12   0.00     0.00     1.13     -782.60 
223      0.64     10.43    124.26   -451.46  -93.35   -351.73  0.00     0.00     0.00     -20.98   -0.00    0.00     1.30     -791.96 
224      0.53     11.28    127.48   -456.40  -85.30   -352.86  0.00     0.00     0.00     -20.98   -0.00    0.00     1.35     -786.71 
225      0.62     10.46    120.54   -456.45  -89.35   -352.75  0.00     0.00     0.00     -22.88   -0.00    0.00     1.49     -799.40 
226      0.56     10.49    139.61   -448.06  -91.56   -353.67  0.00     0.00     0.00     -20.91   -0.00    0.00     0.89     -773.70 
227      0.58     10.48    135.09   -457.09  -88.48   -349.19  0.00     0.00     0.00     -18.37   -0.00    0.00     1.06     -776.98 
228      0.51     10.32    139.96   -452.55  -93.01   -351.00  0.00     0.00     0.00     -17.24   0.00     0.00     1.21     -772.62 
229      0.62     10.39    126.81   -456.00  -94.63   -347.29  0.00     0.00     0.00     -19.06   -0.00    0.00     1.17     -789.01 
230      0.65     10.50    140.01   -458.42  -92.52   -348.77  0.00     0.00     0.00     -19.24   -0.00    0.00     0.98     -777.95 
231      0.63     10.80    121.51   -452.26  -86.42   -351.96  0.00     0.00     0.00     -20.07   0.00     0.00     1.12     -788.06 
232      0.69     10.29    135.19   -453.05  -95.42   -352.64  0.00     0.00     0.00     -18.56   0.00     0.00     0.97     -783.50 
233      0.70     9.93     130.66   -451.99  -93.85   -351.99  0.00     0.00     0.00     -20.95   -0.00    0.00     0.52     -787.59 
234      0.69     10.23    123.48   -455.03  -88.92   -354.63  0.00     0.00     0.00     -21.17   -0.00    0.00     1.05     -795.22 
235      0.62     10.40    129.00   -458.86  -91.41   -352.21  0.00     0.00     0.00     -22.30   -0.00    0.00     1.19     -794.58 
236      0.62     10.31    125.54   -456.41  -90.16   -348.30  0.00     0.00     0.00     -20.27   -0.00    0.00     1.62     -787.97 
237      0.69     10.27    129.30   -455.69  -91.80   -355.29  0.00     0.00     0.00     -21.61   -0.00    0.00     1.11     -793.99 
238      0.63     10.13    139.84   -457.57  -95.52   -354.11  0.00     0.00     0.00     -20.22   0.00     0.00     0.64     -786.93 
239      0.69     10.26    129.08   -455.16  -92.80   -356.52  0.00     0.00     0.00     -21.80   -0.00    0.00     1.21     -795.99 
240      0.66     10.13    124.85   -462.51  -91.70   -346.94  0.00     0.00     0.00     -21.94   -0.00    0.00     0.91     -797.33 
241      0.55     10.34    129.00   -462.14  -90.99   -352.71  0.00     0.00     0.00     -21.02   -0.00    0.00     1.09     -796.77 
242      0.63     10.39    117.62   -463.65  -87.04   -350.48  0.00     0.00     0.00     -20.04   -0.00    0.00     1.01     -802.58 
243      0.59     10.83    121.45   -461.83  -79.89   -353.31  0.00     0.00     0.00     -21.77   -0.00    0.00     1.03     -794.32 
244      0.68     9.99     133.14   -454.32  -103.03  -354.41  0.00     0.00     0.00     -20.91   -0.00    0.00     0.88     -798.65 
245      0.60     10.16    138.36   -456.69  -99.61   -346.91  0.00     0.00     0.00     -17.43   0.00     0.00     0.81     -781.48 
246      0.62     10.26    125.98   -455.62  -86.27   -356.06  0.00     0.00     0.00     -20.80   -0.00    0.00     1.27     -791.50 
247      0.70     10.24    117.80   -457.39  -92.16   -354.52  0.00     0.00     0.00     -20.44   0.00     0.00     1.42     -805.31 
248      0.63     10.65    129.49   -451.86  -90.86   -348.42  0.00     0.00     0.00     -20.24   0.00     0.00     1.41     -780.48 
249      0.66     10.28    126.11   -460.39  -100.60  -351.74  0.00     0.00     0.00     -21.65   0.00     0.00     1.12     -807.16 
250      0.64     10.42    132.16   -454.89  -97.63   -350.22  0.00     0.00     0.00     -19.85   -0.00    0.00     0.67     -789.77 
251      0.58     10.01    143.96   -449.65  -97.41   -350.59  0.00     0.00     0.00     -20.51   -0.00    0.00     0.72     -773.48 
252      0.62     10.25    127.12   -449.63  -94.27   -355.50  0.00     0.00     0.00     -21.09   -0.00    0.00     0.95     -792.42 
253      0.60     10.55    133.46   -458.44  -86.07   -350.86  0.00     0.00     0.00     -18.93   -0.00    0.00     1.22     -779.61 
254      0.66     10.41    127.61   -445.87  -87.03   -349.98  0.00     0.00     0.00     -19.61   -0.00    0.00     1.21     -773.68 
255      0.60     10.53    134.86   -454.23  -86.91   -350.09  0.00     0.00     0.00     -19.64   -0.00    0.00     1.49     -774.53 
256      0.60     10.42    134.76   -454.73  -87.24   -351.42  0.00     0.00     0.00     -20.30   0.00     0.00     1.02     -777.90 
257      0.66     10.51    140.35   -455.66  -89.22   -352.15  0.00     0.00     0.00     -21.93   -0.00    0.00     1.20     -777.41 
258      0.58     10.53    125.57   -459.19  -94.20   -350.71  0.00     0.00     0.00     -19.37   -0.00    0.00     1.03     -796.86 
259      0.66     10.09    129.33   -457.72  -88.32   -354.16  0.00     0.00     0.00     -21.51   -0.00    0.00     1.10     -791.28 
260      0.68     10.50    127.13   -457.65  -93.06   -352.01  0.00     0.00     0.00     -20.94   -0.00    0.00     1.38     -795.15 
261      0.67     10.18    126.19   -461.46  -91.93   -352.41  0.00     0.00     0.00     -20.03   -0.00    0.00     1.45     -798.19 
262      0.60     10.27    123.74   -451.50  -88.65   -350.53  0.00     0.00     0.00     -20.25   -0.00    0.00     1.19     -786.01 
263      0.55     10.67    132.52   -459.54  -87.54   -351.83  0.00     0.00     0.00     -21.76   -0.00    0.00     1.00     -787.14 
264      0.66     10.13    128.22   -457.90  -92.27   -353.99  0.00     0.00     0.00     -21.50   -0.00    0.00     0.84     -796.61 
265      0.68     10.53    109.93   -454.37  -88.47   -352.25  0.00     0.00     0.00     -20.72   -0.00    0.00     1.29     -804.59 
266      0.70     10.39    132.50   -452.62  -93.60   -353.97  0.00     0.00     0.00     -19.49   -0.00    0.00     1.03     -786.15 
267      0.61     10.13    119.95   -461.11  -101.14  -349.53  0.00     0.00     0.00     -18.83   0.00     0.00     1.06     -809.60 
268      0.64     10.56    120.60   -460.96  -89.91   -350.74  0.00     0.00     0.00     -18.45   -0.00    0.00     1.33     -798.14 
269      0.60     10.57    132.54   -461.51  -85.07   -357.49  0.00     0.00     0.00     -21.39   -0.00    0.00     1.23     -791.69 
270      0.62     10.08    126.93   -453.71  -96.06   -352.65  0.00     0.00     0.00     -20.03   -0.00    0.00     0.54     -794.97 
271      0.63     10.34    123.51   -454.79  -97.05   -350.18  0.00     0.00     0.00     -19.58   0.00     0.00     0.97     -797.13 
272      0.60     10.44    136.30   -457.24  -92.52   -355.09  0.00     0.00     0.00     -22.84   -0.00    0.00     0.97     -790.42 
273      0.68     10.41    111.00   -448.66  -89.45   -354.38  0.00     0.00     0.00     -19.22   -0.00    0.00     0.88     -799.82 
274      0.63     10.44    113.61   -451.21  -88.94   -352.15  0.00     0.00     0.00     -20.14   0.00     0.00     1.22     -797.61 
275      0.62     10.53    138.01   -452.85  -90.80   -351.91  0.00     0.00     0.00     -20.81   0.00     0.00     1.05     -777.30 
276      0.62     10.57    125.25   -455.92  -91.43   -351.58  0.00     0.00     0.00     -19.08   -0.00    0.00     1.05     -791.70 
277      0.68     10.38    115.31   -453.17  -88.05   -355.97  0.00     0.00     0.00     -19.89   -0.00    0.00     1.03     -800.74 
278      0.62     10.58    139.67   -462.77  -90.31   -350.74  0.00     0.00     0.00     -19.81   -0.00    0.00     1.49     -782.47 
279      0.68     9.95     126.46   -458.17  -87.00   -355.67  0.00     0.00     0.00     -21.95   -0.00    0.00     1.31     -795.04 
280      0.63     10.36    116.35   -456.09  -90.25   -353.71  0.00     0.00     0.00     -20.53   0.00     0.00     0.99     -803.24 
281      0.68     10.11    122.44   -455.04  -96.47   -351.89  0.00     0.00     0.00     -19.63   -0.00    0.00     1.03     -799.56 
282      0.61     10.42    114.57   -457.00  -86.07   -353.60  0.00     0.00     0.00     -20.02   -0.00    0.00     1.43     -800.70 
283      0.60     10.18    117.39   -457.47  -98.43   -349.38  0.00     0.00     0.00     -19.49   -0.00    0.00     0.70     -806.67 
284      0.60     10.46    116.73   -460.64  -93.56   -346.98  0.00     0.00     0.00     -17.22   -0.00    0.00     1.17     -800.50 
285      0.70     10.36    118.40   -460.45  -93.15   -351.42  0.00     0.00     0.00     -19.55   0.00     0.00     0.81     -805.35 
286      0.67     10.12    131.91   -453.87  -92.51   -349.04  0.00     0.00     0.00     -20.16   0.00     0.00     0.80     -782.87 
287      0.65     9.85     145.91   -449.31  -93.52   -352.32  0.00     0.00     0.00     -20.66   -0.00    0.00     0.72     -769.18 
288      0.57     10.31    123.93   -453.56  -94.15   -349.61  0.00     0.00     0.00     -19.11   -0.00    0.00     0.88     -791.62 
289      0.57     10.30    117.38   -454.53  -89.26   -350.88  0.00     0.00     0.00     -20.88   -0.00    0.00     0.84     -797.34 
290      0.60     10.72    131.03   -460.27  -86.56   -351.74  0.00     0.00     0.00     -21.70   -0.00    0.00     0.97     -788.27 
291      0.67     10.83    108.19   -460.88  -85.37   -353.01  0.00     0.00     0.00     -19.47   0.00     0.00     1.26     -809.28 
292      0.63     10.65    122.44   -452.09  -86.82   -352.05  0.00     0.00     0.00     -19.35   -0.00    0.00     1.13     -786.75 
293      0.59     10.64    124.89   -463.02  -86.68   -352.99  0.00     0.00     0.00     -21.30   -0.00    0.00     1.64     -797.45 
294      0.54     10.35    123.24   -459.83  -88.69   -351.82  0.00     0.00     0.00     -20.69   -0.00    0.00     1.41     -796.39 
295      0.67     10.50    120.37   -457.33  -92.91   -352.48  0.00     0.00     0.00     -19.25   -0.00    0.00     0.96     -800.66 
296      0.69     10.07    132.95   -457.91  -95.37   -353.10  0.00     0.00     0.00     -21.60   -0.00    0.00     0.79     -794.23 
297      0.61     10.72    135.38   -455.66  -90.77   -350.52  0.00     0.00     0.00     -20.91   -0.00    0.00     0.89     -781.57 
298      0.70     10.01    130.72   -462.10  -95.44   -350.83  0.00     0.00     0.00     -23.31   -0.00    0.00     1.27     -799.69 
299      0.60     10.16    118.34   -460.03  -89.65   -351.37  0.00     0.00     0.00     -21.57   -0.00    0.00     1.48     -802.79 
300      0.61     10.38    133.28   -454.30  -95.52   -351.60  0.00     0.00     0.00     -20.85   -0.00    0.00     1.15     -787.84 
301      0.68     10.11    124.39   -454.07  -97.67   -352.99  0.00     0.00     0.00     -21.96   0.00     0.00     1.05     -801.26 
302      0.68     10.34    120.65   -462.69  -90.64   -354.52  0.00     0.00     0.00     -20.82   -0.00    0.00     1.16     -806.86 
303      0.68     10.55    121.68   -452.77  -91.47   -349.51  0.00     0.00     0.00     -19.39   0.00     0.00     1.23     -790.23 
304      0.64     10.26    114.31   -454.81  -93.06   -356.89  0.00     0.00     0.00     -20.10   0.00     0.00     0.97     -809.58 
305      0.60     10.41    126.17   -458.60  -93.19   -352.62  0.00     0.00     0.00     -19.07   -0.00    0.00     1.09     -796.22 
306      0.71     10.23    127.16   -456.44  -90.67   -352.83  0.00     0.00     0.00     -20.57   -0.00    0.00     0.94     -792.42 
307      0.62     10.57    128.95   -454.90  -85.60   -347.69  0.00     0.00     0.00     -18.29   -0.00    0.00     1.10     -776.42 
308      0.67     10.47    130.20   -456.25  -87.76   -355.56  0.00     0.00     0.00     -20.95   -0.00    0.00     1.11     -789.22 
309      0.67     10.58    141.48   -452.59  -92.83   -349.19  0.00     0.00     0.00     -18.87   -0.00    0.00     1.29     -770.71 
310      0.52     10.76    130.90   -450.71  -89.16   -351.68  0.00     0.00     0.00     -20.00   -0.00    0.00     1.46     -779.20 
311      0.65     10.30    132.80   -454.08  -99.98   -347.84  0.00     0.00     0.00     -18.18   -0.00    0.00     1.36     -785.92 
312      0.67     10.13    127.59   -457.98  -93.69   -352.83  0.00     0.00     0.00     -19.54   0.00     0.00     1.25     -795.21 
313      0.64     9.94     118.36   -455.58  -100.69  -352.18  0.00     0.00     0.00     -19.37   -0.00    0.00     1.04     -808.41 
314      0.65     10.14    123.93   -458.12  -91.26   -352.91  0.00     0.00     0.00     -19.45   -0.00    0.00     0.86     -796.95 
315      0.66     10.42    115.08   -459.85  -87.68   -352.58  0.00     0.00     0.00     -18.66   -0.00    0.00     1.15     -802.53 
316      0.65     10.43    115.60   -463.40  -93.42   -352.36  0.00     0.00     0.00     -20.10   -0.00    0.00     1.00     -812.68 
317      0.65     10.23    123.48   -459.07  -93.69   -354.68  0.00     0.00     0.00     -21.40   -0.00    0.00     0.88     -804.49 
318      0.67     10.25    128.56   -462.35  -88.71   -349.14  0.00     0.00     0.00     -20.88   -0.00    0.00     1.11     -791.41 
319      0.63     10.51    126.68   -464.98  -86.07   -350.26  0.00     0.00     0.00     -21.23   0.00     0.00     1.21     -794.65 
320      0.58     10.26    137.42   -453.93  -96.27   -351.67  0.00     0.00     0.00     -20.09   -0.00    0.00     0.77     -783.76 
321      0.53     10.64    119.92   -456.51  -90.20   -348.30  0.00     0.00     0.00     -18.44   -0.00    0.00     1.16     -792.36 
322      0.64     10.16    114.24   -459.21  -93.81   -351.76  0.00     0.00     0.00     -20.81   -0.00    0.00     0.99     -810.36 
323      0.71     10.40    127.23   -445.28  -91.82   -355.47  0.00     0.00     0.00     -21.58   -0.00    0.00     0.77     -786.14 
324      0.60     10.45    147.85   -459.03  -87.70   -353.71  0.00     0.00     0.00     -22.01   -0.00    0.00     0.91     -773.70 
325      0.53     10.57    122.10   -449.96  -84.92   -350.56  0.00     0.00     0.00     -20.98   -0.00    0.00     0.89     -783.42 
326      0.60     10.26    130.25   -448.91  -91.58   -351.52  0.00     0.00     0.00     -19.18   -0.00    0.00     1.21     -779.72 
327      0.62     10.27    126.97   -452.95  -92.65   -350.61  0.00     0.00     0.00     -18.49   -0.00    0.00     0.94     -786.80 
328      0.66     10.40    139.37   -451.61  -93.11   -350.98  0.00     0.00     0.00     -19.04   -0.00    0.00     1.47     -773.89 
329      0.66     10.16    121.49   -450.87  -92.85   -349.63  0.00     0.00     0.00     -20.83   0.00     0.00     0.84     -791.85 
330      0.68     10.36    134.21   -456.29  -93.05   -354.50  0.00     0.00     0.00     -19.60   -0.00    0.00     0.98     -788.25 
331      0.68     10.12    115.43   -453.74  -94.29   -353.05  0.00     0.00     0.00     -21.19   -0.00    0.00     1.42     -805.42 
332      0.62     10.46    119.56   -454.39  -88.92   -354.41  0.00     0.00     0.00     -19.11   -0.00    0.00     1.11     -796.15 
333      0.60     10.70    131.90   -454.95  -92.97   -353.21  0.00     0.00     0.00     -19.47   0.00     0.00     1.08     -787.62 
334      0.65     10.64    103.12   -451.25  -90.35   -352.87  0.00     0.00     0.00     -21.58   -0.00    0.00     1.34     -811.59 
335      0.64     10.42    119.91   -449.49  -95.38   -353.25  0.00     0.00     0.00     -21.98   -0.00    0.00     1.06     -799.11 
336      0.59     10.65    117.38   -460.82  -87.99   -356.18  0.00     0.00     0.00     -21.74   -0.00    0.00     1.48     -807.87 
337      0.63     10.61    129.44   -457.78  -87.79   -352.02  0.00     0.00     0.00     -20.55   0.00     0.00     0.66     -788.05 
338      0.61     10.60    126.71   -459.64  -89.57   -352.63  0.00     0.00     0.00     -21.12   -0.00    0.00     1.47     -794.79 
339      0.63     10.58    118.83   -457.82  -94.28   -355.49  0.00     0.00     0.00     -20.54   0.00     0.00     1.23     -808.08 
340      0.71     10.14    130.33   -454.97  -94.75   -347.10  0.00     0.00     0.00     -21.47   0.00     0.00     1.01     -786.95 
341      0.66     10.59    130.29   -458.15  -93.32   -352.48  0.00     0.00     0.00     -18.61   0.00     0.00     1.11     -791.16 
342      0.63     10.33    133.31   -453.01  -89.60   -353.22  0.00     0.00     0.00     -21.08   -0.00    0.00     1.25     -782.35 
343      0.49     11.03    125.72   -458.50  -91.41   -351.48  0.00     0.00     0.00     -19.62   -0.00    0.00     1.15     -794.15 
344      0.58     10.30    126.09   -456.91  -93.61   -354.17  0.00     0.00     0.00     -20.73   -0.00    0.00     1.11     -798.22 
345      0.56     10.41    140.58   -460.91  -86.62   -352.16  0.00     0.00     0.00     -20.10   -0.00    0.00     1.12     -778.11 
346      0.56     9.95     129.51   -461.88  -105.43  -349.65  0.00     0.00     0.00     -18.90   -0.00    0.00     0.70     -805.65 
347      0.60     10.28    130.57   -458.50  -91.38   -352.28  0.00     0.00     0.00     -19.85   0.00     0.00     1.16     -790.28 
348      0.64     10.20    128.02   -449.45  -93.66   -352.19  0.00     0.00     0.00     -19.70   0.00     0.00     1.02     -785.96 
349      0.62     10.46    129.89   -450.08  -91.97   -353.59  0.00     0.00     0.00     -20.27   -0.00    0.00     0.96     -785.05 
350      0.58     10.69    133.45   -452.79  -89.14   -353.49  0.00     0.00     0.00     -19.47   -0.00    0.00     0.92     -780.53 
351      0.65     10.30    137.69   -452.07  -93.45   -349.81  0.00     0.00     0.00     -20.59   -0.00    0.00     1.14     -777.09 
352      0.62     9.78     122.32   -457.71  -99.40   -348.40  0.00     0.00     0.00     -21.40   -0.00    0.00     0.96     -803.65 
353      0.59     10.29    131.05   -456.88  -90.98   -350.65  0.00     0.00     0.00     -21.40   -0.00    0.00     1.14     -787.71 
354      0.68     10.13    125.18   -458.45  -91.91   -353.22  0.00     0.00     0.00     -21.77   -0.00    0.00     1.31     -798.86 
355      0.63     10.42    138.90   -460.31  -91.76   -351.74  0.00     0.00     0.00     -20.97   -0.00    0.00     1.11     -784.78 
356      0.71     10.21    123.58   -452.77  -97.33   -351.88  0.00     0.00     0.00     -22.41   -0.00    0.00     1.13     -799.69 
357      0.68     10.10    133.12   -463.49  -92.64   -352.39  0.00     0.00     0.00     -21.93   0.00     0.00     1.00     -796.33 
358      0.72     10.52    131.74   -457.26  -90.03   -352.87  0.00     0.00     0.00     -20.71   -0.00    0.00     1.10     -788.03 
359      0.69     10.33    139.03   -457.97  -92.47   -355.60  0.00     0.00     0.00     -19.92   -0.00    0.00     1.20     -785.73 
360      0.62     10.16    121.08   -458.13  -97.80   -353.55  0.00     0.00     0.00     -21.28   -0.00    0.00     0.77     -808.91 
361      0.64     10.40    128.60   -452.15  -93.95   -355.75  0.00     0.00     0.00     -19.85   -0.00    0.00     0.91     -792.19 
362      0.72     10.23    145.10   -455.88  -94.06   -351.35  0.00     0.00     0.00     -17.99   0.00     0.00     0.76     -773.42 
363      0.64     10.15    136.09   -453.17  -96.86   -355.20  0.00     0.00     0.00     -19.94   -0.00    0.00     0.79     -788.29 
364      0.66     10.32    135.08   -448.61  -90.75   -349.25  0.00     0.00     0.00     -20.41   -0.00    0.00     0.86     -773.09 
365      0.65     10.26    141.53   -462.74  -96.25   -348.29  0.00     0.00     0.00     -19.41   -0.00    0.00     0.73     -784.42 
366      0.71     10.10    128.25   -458.46  -91.74   -349.60  0.00     0.00     0.00     -20.51   -0.00    0.00     0.76     -791.31 
367      0.66     10.19    128.13   -455.51  -94.73   -352.23  0.00     0.00     0.00     -21.16   -0.00    0.00     0.70     -794.80 
368      0.70     10.28    142.14   -456.08  -93.86   -354.14  0.00     0.00     0.00     -18.59   -0.00    0.00     1.43     -779.10 
369      0.67     10.50    121.23   -460.66  -87.97   -350.18  0.00     0.00     0.00     -20.29   -0.00    0.00     0.93     -796.94 
370      0.64     10.40    130.35   -458.04  -85.68   -354.88  0.00     0.00     0.00     -19.61   -0.00    0.00     1.25     -786.62 
371      0.62     10.11    126.39   -450.40  -97.72   -353.12  0.00     0.00     0.00     -20.30   -0.00    0.00     1.29     -793.86 
372      0.65     10.35    132.97   -457.16  -95.45   -354.61  0.00     0.00     0.00     -18.38   -0.00    0.00     0.76     -791.87 
373      0.66     10.26    134.31   -457.63  -94.13   -352.15  0.00     0.00     0.00     -19.61   -0.00    0.00     0.83     -788.37 
374      0.59     10.39    118.23   -455.73  -89.97   -352.78  0.00     0.00     0.00     -22.72   -0.00    0.00     0.93     -802.05 
375      0.57     10.45    126.46   -460.77  -92.30   -354.47  0.00     0.00     0.00     -20.69   -0.00    0.00     1.10     -800.68 
376      0.51     10.41    129.08   -453.05  -93.18   -353.54  0.00     0.00     0.00     -20.40   -0.00    0.00     1.18     -789.91 
377      0.56     10.10    131.63   -459.27  -95.95   -354.08  0.00     0.00     0.00     -21.29   -0.00    0.00     1.11     -797.85 
378      0.60     10.60    132.06   -455.27  -88.90   -350.76  0.00     0.00     0.00     -19.00   0.00     0.00     1.12     -780.75 
379      0.69     10.32    124.65   -456.62  -89.04   -352.08  0.00     0.00     0.00     -21.28   0.00     0.00     1.08     -793.29 
380      0.59     10.90    133.97   -461.69  -89.24   -349.96  0.00     0.00     0.00     -21.65   -0.00    0.00     1.17     -787.39 
381      0.70     10.13    123.44   -458.28  -91.84   -353.38  0.00     0.00     0.00     -21.29   -0.00    0.00     1.13     -800.22 
382      0.61     10.02    127.67   -451.79  -99.65   -352.92  0.00     0.00     0.00     -21.09   -0.00    0.00     0.66     -797.13 
383      0.70     10.53    123.78   -454.04  -92.93   -354.09  0.00     0.00     0.00     -18.90   -0.00    0.00     1.14     -795.04 
384      0.69     10.28    105.68   -457.89  -92.86   -355.09  0.00     0.00     0.00     -20.46   -0.00    0.00     1.19     -819.44 
385      0.56     10.17    145.32   -454.87  -97.21   -350.23  0.00     0.00     0.00     -19.91   -0.00    0.00     0.95     -775.95 
386      0.58     10.05    131.00   -450.64  -100.07  -346.07  0.00     0.00     0.00     -18.74   -0.00    0.00     0.92     -783.60 
387      0.60     10.38    122.55   -456.78  -93.15   -350.76  0.00     0.00     0.00     -20.12   -0.00    0.00     0.77     -797.50 
388      0.69     10.34    137.66   -458.06  -88.42   -356.56  0.00     0.00     0.00     -22.03   -0.00    0.00     1.39     -786.02 
389      0.62     10.42    136.19   -454.50  -85.02   -351.12  0.00     0.00     0.00     -20.95   -0.00    0.00     0.84     -774.56 
390      0.64     10.54    121.83   -452.84  -89.41   -349.66  0.00     0.00     0.00     -19.08   -0.00    0.00     1.00     -788.16 
391      0.66     10.38    112.53   -450.34  -92.04   -355.73  0.00     0.00     0.00     -20.06   0.00     0.00     0.77     -804.87 
392      0.64     10.78    136.57   -454.87  -87.76   -352.48  0.00     0.00     0.00     -19.30   0.00     0.00     1.31     -776.54 
393      0.60     10.63    133.42   -453.89  -86.28   -351.53  0.00     0.00     0.00     -21.16   -0.00    0.00     0.96     -778.48 
394      0.56     10.44    139.59   -451.58  -86.80   -346.95  0.00     0.00     0.00     -21.36   -0.00    0.00     1.07     -766.03 
395      0.73     10.24    131.65   -459.44  -93.71   -352.15  0.00     0.00     0.00     -20.27   -0.00    0.00     1.09     -792.83 
396      0.63     10.21    123.56   -455.63  -95.14   -348.98  0.00     0.00     0.00     -17.99   -0.00    0.00     0.95     -793.21 
397      0.63     10.55    129.27   -455.18  -92.08   -348.10  0.00     0.00     0.00     -19.21   0.00     0.00     0.97     -784.33 
398      0.75     10.00    138.67   -456.40  -90.69   -354.15  0.00     0.00     0.00     -19.86   -0.00    0.00     0.60     -781.84 
399      0.66     10.18    125.24   -446.73  -93.30   -349.98  0.00     0.00     0.00     -19.83   0.00     0.00     0.88     -783.72 
400      0.63     10.02    124.77   -447.56  -104.10  -352.05  0.00     0.00     0.00     -19.75   0.00     0.00     0.61     -798.08 
401      0.64     10.30    133.49   -460.37  -90.70   -353.02  0.00     0.00     0.00     -21.32   -0.00    0.00     0.67     -791.23 
