Steps    Q        Rg       Backbone Rama     Contact  Fragment Membrane ER       TBM_Q    Beta     Pap      Helical  Debye_huckel Total   
0        1.00     10.06    80.42    -357.54  -74.08   -363.62  0.00     0.00     0.00     -23.45   0.00     0.00     0.74     -737.53 
1        0.96     10.09    4.42     -441.56  -87.60   -363.93  0.00     0.00     0.00     -24.63   -0.00    0.00     0.98     -912.33 
2        0.66     10.37    129.62   -455.00  -92.09   -351.51  0.00     0.00     0.00     -20.30   -0.00    0.00     1.25     -788.04 
3        0.61     10.66    121.26   -459.46  -81.91   -351.06  0.00     0.00     0.00     -20.72   -0.00    0.00     1.22     -790.67 
4        0.63     10.20    147.91   -451.89  -93.46   -353.44  0.00     0.00     0.00     -19.91   -0.00    0.00     0.88     -769.90 
5        0.63     10.18    137.50   -453.94  -93.32   -351.37  0.00     0.00     0.00     -21.18   -0.00    0.00     0.86     -781.45 
6        0.66     10.21    128.33   -456.31  -97.23   -350.55  0.00     0.00     0.00     -19.06   -0.00    0.00     0.84     -793.98 
7        0.64     10.36    131.64   -458.32  -91.34   -354.52  0.00     0.00     0.00     -21.76   -0.00    0.00     0.78     -793.51 
8        0.67     10.43    130.88   -456.45  -90.34   -350.19  0.00     0.00     0.00     -19.32   -0.00    0.00     1.15     -784.26 
9        0.69     10.50    108.81   -457.82  -87.35   -352.21  0.00     0.00     0.00     -19.27   0.00     0.00     1.30     -806.54 
10       0.61     10.40    142.64   -460.95  -94.74   -354.34  0.00     0.00     0.00     -21.45   -0.00    0.00     0.99     -787.85 
11       0.66     10.10    127.52   -449.15  -98.44   -354.10  0.00     0.00     0.00     -19.09   -0.00    0.00     1.10     -792.17 
12       0.62     10.26    133.27   -455.19  -87.78   -351.10  0.00     0.00     0.00     -23.89   0.00     0.00     1.13     -783.56 
13       0.58     10.23    128.57   -451.22  -89.74   -350.42  0.00     0.00     0.00     -20.29   -0.00    0.00     0.88     -782.22 
14       0.64     10.42    121.78   -458.27  -90.40   -351.21  0.00     0.00     0.00     -21.11   -0.00    0.00     1.37     -797.84 
15       0.58     9.82     139.84   -461.08  -94.10   -350.89  0.00     0.00     0.00     -20.17   -0.00    0.00     0.88     -785.52 
16       0.65     10.18    114.64   -457.61  -95.12   -351.22  0.00     0.00     0.00     -21.22   -0.00    0.00     0.75     -809.78 
17       0.54     10.26    127.80   -459.41  -96.87   -353.77  0.00     0.00     0.00     -19.59   -0.00    0.00     0.96     -800.87 
18       0.65     10.24    115.56   -449.14  -95.31   -352.70  0.00     0.00     0.00     -19.78   -0.00    0.00     1.50     -799.87 
19       0.75     10.33    132.81   -460.81  -91.92   -355.75  0.00     0.00     0.00     -21.05   -0.00    0.00     0.95     -795.76 
20       0.73     10.11    145.68   -455.72  -87.49   -352.40  0.00     0.00     0.00     -20.69   -0.00    0.00     1.39     -769.23 
21       0.68     10.02    131.44   -463.02  -100.03  -348.61  0.00     0.00     0.00     -20.50   -0.00    0.00     1.29     -799.43 
22       0.57     10.86    140.25   -452.57  -94.53   -349.70  0.00     0.00     0.00     -18.04   0.00     0.00     1.26     -773.33 
23       0.63     10.21    122.42   -466.28  -95.38   -350.60  0.00     0.00     0.00     -20.47   -0.00    0.00     0.89     -809.43 
24       0.50     10.74    122.94   -458.68  -95.12   -348.07  0.00     0.00     0.00     -19.76   -0.00    0.00     1.01     -797.68 
25       0.69     10.38    122.45   -452.87  -90.56   -352.69  0.00     0.00     0.00     -19.61   -0.00    0.00     1.16     -792.13 
26       0.63     10.64    132.32   -455.23  -87.48   -351.65  0.00     0.00     0.00     -21.23   -0.00    0.00     1.10     -782.17 
27       0.56     10.07    127.43   -453.96  -92.06   -353.90  0.00     0.00     0.00     -20.28   -0.00    0.00     0.86     -791.91 
28       0.61     10.20    134.66   -454.72  -91.28   -349.70  0.00     0.00     0.00     -18.74   -0.00    0.00     1.05     -778.73 
29       0.58     10.25    121.85   -455.77  -91.55   -353.60  0.00     0.00     0.00     -19.47   -0.00    0.00     0.69     -797.85 
30       0.63     10.57    134.98   -457.26  -91.69   -352.62  0.00     0.00     0.00     -20.43   -0.00    0.00     1.06     -785.96 
31       0.62     10.13    133.18   -454.22  -91.76   -351.35  0.00     0.00     0.00     -20.97   -0.00    0.00     0.89     -784.22 
32       0.66     9.95     133.90   -455.34  -96.30   -350.18  0.00     0.00     0.00     -18.99   -0.00    0.00     1.25     -785.67 
33       0.60     10.78    127.83   -455.02  -92.68   -354.99  0.00     0.00     0.00     -20.54   -0.00    0.00     0.96     -794.45 
34       0.67     10.08    156.61   -459.27  -90.35   -353.90  0.00     0.00     0.00     -20.10   -0.00    0.00     0.78     -766.22 
35       0.67     10.29    135.82   -453.61  -93.59   -354.49  0.00     0.00     0.00     -19.22   0.00     0.00     1.04     -784.05 
36       0.63     10.59    127.40   -457.85  -86.47   -351.82  0.00     0.00     0.00     -20.27   -0.00    0.00     1.16     -787.87 
37       0.57     10.81    128.34   -447.13  -89.69   -347.69  0.00     0.00     0.00     -19.64   -0.00    0.00     0.85     -774.96 
38       0.61     10.14    133.34   -450.69  -97.82   -352.27  0.00     0.00     0.00     -18.19   -0.00    0.00     0.99     -784.63 
39       0.61     10.34    124.00   -454.56  -95.29   -354.13  0.00     0.00     0.00     -20.79   -0.00    0.00     1.56     -799.19 
40       0.63     10.61    134.76   -458.52  -88.52   -350.95  0.00     0.00     0.00     -19.58   -0.00    0.00     1.03     -781.78 
41       0.70     10.25    132.17   -449.74  -95.09   -353.04  0.00     0.00     0.00     -22.06   -0.00    0.00     0.98     -786.78 
42       0.65     10.37    137.54   -461.42  -92.32   -355.79  0.00     0.00     0.00     -21.97   0.00     0.00     1.01     -792.96 
43       0.60     10.33    105.18   -462.23  -87.30   -349.18  0.00     0.00     0.00     -21.17   -0.00    0.00     1.12     -813.59 
44       0.62     10.19    121.58   -458.85  -92.87   -353.84  0.00     0.00     0.00     -20.83   -0.00    0.00     0.81     -804.00 
45       0.60     9.95     127.83   -453.35  -102.82  -348.66  0.00     0.00     0.00     -20.17   -0.00    0.00     0.80     -796.37 
46       0.63     10.04    134.30   -460.59  -91.49   -355.35  0.00     0.00     0.00     -21.19   -0.00    0.00     0.75     -793.57 
47       0.62     10.17    121.08   -459.26  -94.63   -353.57  0.00     0.00     0.00     -19.71   -0.00    0.00     1.28     -804.81 
48       0.58     10.29    135.20   -456.81  -88.86   -350.06  0.00     0.00     0.00     -21.76   -0.00    0.00     0.79     -781.50 
49       0.67     10.41    137.31   -449.76  -92.59   -352.89  0.00     0.00     0.00     -21.28   -0.00    0.00     0.90     -778.31 
50       0.66     10.56    122.09   -455.02  -92.12   -354.70  0.00     0.00     0.00     -21.40   -0.00    0.00     1.04     -800.10 
51       0.71     10.07    128.10   -451.54  -97.67   -353.00  0.00     0.00     0.00     -20.39   -0.00    0.00     0.79     -793.70 
52       0.68     10.37    128.00   -455.68  -93.51   -351.40  0.00     0.00     0.00     -19.81   0.00     0.00     1.44     -790.96 
53       0.67     10.63    136.73   -459.61  -90.16   -350.01  0.00     0.00     0.00     -19.49   -0.00    0.00     1.51     -781.03 
54       0.66     10.45    117.06   -457.42  -88.40   -353.24  0.00     0.00     0.00     -21.72   0.00     0.00     1.49     -802.24 
55       0.72     10.18    125.94   -452.00  -90.49   -352.25  0.00     0.00     0.00     -21.75   0.00     0.00     1.36     -789.19 
56       0.66     10.52    124.45   -457.18  -86.07   -353.08  0.00     0.00     0.00     -22.28   -0.00    0.00     1.51     -792.65 
57       0.64     10.34    123.95   -459.77  -93.31   -351.29  0.00     0.00     0.00     -21.13   -0.00    0.00     1.36     -800.19 
58       0.62     10.55    127.94   -457.11  -92.58   -352.27  0.00     0.00     0.00     -19.83   0.00     0.00     1.52     -792.32 
59       0.69     10.22    124.23   -458.70  -94.12   -351.18  0.00     0.00     0.00     -20.63   -0.00    0.00     1.25     -799.15 
60       0.67     10.39    134.94   -456.62  -86.57   -351.30  0.00     0.00     0.00     -20.12   0.00     0.00     1.37     -778.30 
61       0.59     10.28    138.10   -454.12  -95.66   -348.76  0.00     0.00     0.00     -20.23   -0.00    0.00     1.62     -779.05 
62       0.66     10.09    124.98   -455.57  -91.11   -349.74  0.00     0.00     0.00     -21.04   -0.00    0.00     1.71     -790.77 
63       0.67     10.08    134.48   -455.50  -97.34   -348.28  0.00     0.00     0.00     -20.73   -0.00    0.00     1.28     -786.09 
64       0.66     10.40    143.26   -455.01  -90.14   -350.75  0.00     0.00     0.00     -20.86   -0.00    0.00     1.23     -772.28 
65       0.66     10.07    129.66   -452.65  -92.25   -347.49  0.00     0.00     0.00     -22.38   -0.00    0.00     0.66     -784.45 
66       0.72     9.89     124.67   -450.84  -95.23   -350.77  0.00     0.00     0.00     -19.64   0.00     0.00     0.79     -791.02 
67       0.64     10.78    125.13   -458.69  -85.28   -356.31  0.00     0.00     0.00     -21.27   0.00     0.00     1.17     -795.26 
68       0.52     10.85    134.58   -456.56  -86.51   -350.14  0.00     0.00     0.00     -20.50   0.00     0.00     1.24     -777.88 
69       0.63     10.84    138.15   -458.44  -87.21   -352.81  0.00     0.00     0.00     -20.13   0.00     0.00     1.38     -779.04 
70       0.65     10.15    126.65   -454.94  -98.34   -349.56  0.00     0.00     0.00     -20.95   -0.00    0.00     1.17     -795.97 
71       0.67     10.24    142.02   -462.12  -97.62   -348.96  0.00     0.00     0.00     -20.28   -0.00    0.00     1.72     -785.23 
72       0.62     10.18    140.19   -462.63  -96.51   -352.99  0.00     0.00     0.00     -21.64   -0.00    0.00     1.49     -792.10 
73       0.63     10.36    131.90   -459.59  -91.44   -351.29  0.00     0.00     0.00     -21.59   -0.00    0.00     1.77     -790.25 
74       0.65     10.38    116.10   -461.87  -97.85   -349.91  0.00     0.00     0.00     -19.76   -0.00    0.00     0.91     -812.38 
75       0.64     10.22    128.53   -460.76  -93.52   -353.29  0.00     0.00     0.00     -18.65   -0.00    0.00     1.36     -796.33 
76       0.65     10.47    128.23   -453.10  -93.95   -344.06  0.00     0.00     0.00     -20.63   -0.00    0.00     1.18     -782.32 
77       0.70     10.35    118.74   -450.57  -91.22   -350.73  0.00     0.00     0.00     -18.82   0.00     0.00     1.20     -791.39 
78       0.71     10.41    132.55   -455.83  -91.59   -353.21  0.00     0.00     0.00     -19.65   0.00     0.00     1.67     -786.07 
79       0.68     10.51    131.85   -458.59  -91.06   -350.43  0.00     0.00     0.00     -20.00   0.00     0.00     1.38     -786.85 
80       0.71     10.01    116.34   -454.00  -89.30   -353.69  0.00     0.00     0.00     -20.98   0.00     0.00     0.87     -800.77 
81       0.64     10.31    133.11   -449.54  -92.87   -352.49  0.00     0.00     0.00     -21.43   -0.00    0.00     1.61     -781.62 
82       0.62     10.23    135.38   -460.37  -93.92   -351.68  0.00     0.00     0.00     -19.99   -0.00    0.00     1.12     -789.47 
83       0.67     10.37    117.48   -445.39  -91.99   -349.66  0.00     0.00     0.00     -21.86   -0.00    0.00     1.39     -790.04 
84       0.52     10.25    129.49   -451.22  -86.53   -353.23  0.00     0.00     0.00     -22.51   -0.00    0.00     0.85     -783.16 
85       0.52     10.52    122.47   -457.71  -87.72   -350.17  0.00     0.00     0.00     -19.78   0.00     0.00     1.76     -791.16 
86       0.49     10.92    125.96   -453.64  -79.39   -349.31  0.00     0.00     0.00     -22.67   -0.00    0.00     2.01     -777.05 
87       0.47     10.53    126.35   -450.18  -89.18   -351.46  0.00     0.00     0.00     -21.00   -0.00    0.00     1.52     -783.93 
88       0.52     10.36    126.19   -457.77  -85.70   -353.17  0.00     0.00     0.00     -21.18   -0.00    0.00     1.32     -790.31 
89       0.63     10.46    127.02   -451.97  -96.50   -353.96  0.00     0.00     0.00     -20.15   0.00     0.00     0.90     -794.67 
90       0.66     10.34    120.14   -463.99  -90.28   -353.48  0.00     0.00     0.00     -21.96   -0.00    0.00     1.09     -808.47 
91       0.53     10.11    116.99   -452.30  -103.72  -350.39  0.00     0.00     0.00     -19.54   -0.00    0.00     0.98     -807.98 
92       0.59     10.31    128.15   -454.55  -93.81   -355.85  0.00     0.00     0.00     -21.85   -0.00    0.00     1.01     -796.89 
93       0.69     10.48    131.92   -457.02  -88.62   -353.24  0.00     0.00     0.00     -19.52   0.00     0.00     1.25     -785.23 
94       0.65     10.25    121.61   -460.30  -94.54   -351.72  0.00     0.00     0.00     -19.34   -0.00    0.00     0.70     -803.60 
95       0.66     10.41    134.57   -457.13  -91.99   -352.12  0.00     0.00     0.00     -21.30   -0.00    0.00     1.07     -786.91 
96       0.66     9.95     163.52   -459.49  -101.87  -349.25  0.00     0.00     0.00     -20.58   -0.00    0.00     0.81     -766.86 
97       0.65     10.38    137.49   -455.68  -89.05   -350.69  0.00     0.00     0.00     -20.17   -0.00    0.00     0.98     -777.12 
98       0.61     10.53    111.67   -455.40  -90.71   -350.27  0.00     0.00     0.00     -19.39   -0.00    0.00     0.98     -803.13 
99       0.61     10.63    128.77   -456.08  -84.93   -350.66  0.00     0.00     0.00     -21.49   0.00     0.00     1.22     -783.17 
100      0.61     10.34    135.35   -459.00  -92.21   -354.07  0.00     0.00     0.00     -19.68   -0.00    0.00     1.40     -788.21 
101      0.64     10.34    127.31   -456.83  -93.78   -350.81  0.00     0.00     0.00     -19.85   -0.00    0.00     1.36     -792.60 
102      0.47     10.46    136.47   -458.47  -95.64   -345.32  0.00     0.00     0.00     -18.16   -0.00    0.00     0.86     -780.25 
103      0.66     10.19    113.16   -457.26  -91.15   -349.60  0.00     0.00     0.00     -19.05   -0.00    0.00     1.17     -802.73 
104      0.69     10.46    130.57   -458.60  -87.95   -351.40  0.00     0.00     0.00     -21.90   -0.00    0.00     1.00     -788.28 
105      0.58     10.07    140.11   -450.27  -93.30   -350.53  0.00     0.00     0.00     -19.77   -0.00    0.00     0.84     -772.91 
106      0.63     10.04    139.49   -454.79  -101.23  -351.32  0.00     0.00     0.00     -20.98   -0.00    0.00     0.75     -788.08 
107      0.68     10.54    111.86   -460.68  -89.48   -352.75  0.00     0.00     0.00     -21.19   -0.00    0.00     1.12     -811.13 
108      0.61     10.63    138.06   -456.97  -92.32   -353.98  0.00     0.00     0.00     -18.80   0.00     0.00     1.03     -782.99 
109      0.67     10.32    122.33   -458.37  -90.70   -354.09  0.00     0.00     0.00     -19.61   -0.00    0.00     1.03     -799.41 
110      0.61     10.30    136.03   -454.45  -91.48   -350.27  0.00     0.00     0.00     -20.73   -0.00    0.00     1.21     -779.69 
111      0.71     10.27    116.44   -454.98  -91.48   -351.17  0.00     0.00     0.00     -21.18   -0.00    0.00     0.94     -801.43 
112      0.65     10.42    125.17   -454.21  -94.76   -353.14  0.00     0.00     0.00     -20.01   -0.00    0.00     1.02     -795.93 
113      0.69     10.14    133.94   -451.75  -92.08   -352.50  0.00     0.00     0.00     -20.81   0.00     0.00     0.83     -782.37 
114      0.62     10.27    114.94   -457.04  -94.44   -350.98  0.00     0.00     0.00     -20.92   -0.00    0.00     1.21     -807.23 
115      0.63     10.31    112.24   -460.70  -95.77   -350.20  0.00     0.00     0.00     -20.44   -0.00    0.00     0.84     -814.03 
116      0.66     10.57    116.42   -456.12  -89.67   -350.63  0.00     0.00     0.00     -19.32   -0.00    0.00     1.03     -798.28 
117      0.65     9.99     143.00   -454.58  -101.10  -353.19  0.00     0.00     0.00     -21.92   -0.00    0.00     0.41     -787.38 
118      0.64     10.15    135.68   -452.95  -97.51   -348.90  0.00     0.00     0.00     -20.43   -0.00    0.00     1.20     -782.90 
119      0.55     10.40    127.08   -460.25  -94.58   -351.08  0.00     0.00     0.00     -20.70   0.00     0.00     1.06     -798.46 
120      0.59     10.30    123.62   -458.62  -89.43   -356.43  0.00     0.00     0.00     -22.43   -0.00    0.00     1.39     -801.89 
121      0.65     10.12    125.26   -451.33  -92.24   -349.35  0.00     0.00     0.00     -18.96   -0.00    0.00     0.74     -785.88 
122      0.63     10.20    128.12   -454.29  -99.62   -354.42  0.00     0.00     0.00     -21.17   -0.00    0.00     0.97     -800.41 
123      0.67     10.08    124.55   -452.62  -92.36   -353.04  0.00     0.00     0.00     -18.90   -0.00    0.00     0.99     -791.39 
124      0.67     10.25    127.27   -460.85  -91.01   -351.91  0.00     0.00     0.00     -20.58   -0.00    0.00     0.57     -796.50 
125      0.65     10.49    127.45   -449.18  -96.15   -352.31  0.00     0.00     0.00     -21.43   -0.00    0.00     0.71     -790.91 
126      0.58     10.37    127.58   -450.55  -93.57   -345.75  0.00     0.00     0.00     -20.74   -0.00    0.00     1.06     -781.97 
127      0.59     10.76    125.94   -449.84  -90.76   -351.10  0.00     0.00     0.00     -18.97   -0.00    0.00     1.41     -783.32 
128      0.69     10.43    140.39   -457.36  -93.35   -353.59  0.00     0.00     0.00     -19.37   -0.00    0.00     1.10     -782.17 
129      0.68     10.18    126.15   -460.73  -95.80   -358.84  0.00     0.00     0.00     -21.19   -0.00    0.00     1.06     -809.35 
130      0.55     10.22    131.35   -456.43  -97.16   -351.32  0.00     0.00     0.00     -20.60   -0.00    0.00     1.03     -793.14 
131      0.67     10.15    124.50   -452.67  -92.75   -349.30  0.00     0.00     0.00     -20.56   -0.00    0.00     0.57     -790.21 
132      0.57     10.10    125.52   -456.04  -91.03   -350.27  0.00     0.00     0.00     -20.94   -0.00    0.00     0.95     -791.82 
133      0.74     9.91     122.12   -453.30  -94.76   -352.50  0.00     0.00     0.00     -18.34   -0.00    0.00     0.97     -795.79 
134      0.64     10.53    131.69   -456.43  -88.55   -351.71  0.00     0.00     0.00     -20.07   -0.00    0.00     1.10     -783.97 
135      0.61     10.27    137.93   -453.38  -92.57   -351.44  0.00     0.00     0.00     -20.42   -0.00    0.00     1.18     -778.71 
136      0.63     10.30    119.06   -455.48  -93.75   -352.01  0.00     0.00     0.00     -20.37   -0.00    0.00     1.22     -801.32 
137      0.65     10.66    132.20   -456.26  -83.22   -352.81  0.00     0.00     0.00     -21.54   -0.00    0.00     1.17     -780.47 
138      0.60     10.54    122.33   -450.78  -86.61   -349.38  0.00     0.00     0.00     -19.81   -0.00    0.00     1.02     -783.23 
139      0.67     10.19    131.69   -454.59  -98.80   -352.72  0.00     0.00     0.00     -20.70   0.00     0.00     1.17     -793.95 
140      0.70     10.04    141.93   -464.55  -92.64   -351.24  0.00     0.00     0.00     -20.45   -0.00    0.00     1.06     -785.89 
141      0.65     10.53    119.63   -457.03  -91.25   -351.83  0.00     0.00     0.00     -20.44   -0.00    0.00     1.14     -799.78 
142      0.65     10.37    133.80   -455.12  -91.18   -354.18  0.00     0.00     0.00     -21.34   -0.00    0.00     0.99     -787.03 
143      0.66     10.45    133.12   -454.47  -89.95   -353.71  0.00     0.00     0.00     -21.63   -0.00    0.00     0.95     -785.69 
144      0.62     10.32    128.27   -458.95  -90.93   -348.53  0.00     0.00     0.00     -19.41   -0.00    0.00     1.03     -788.52 
145      0.61     10.26    129.54   -453.19  -92.85   -351.46  0.00     0.00     0.00     -20.37   -0.00    0.00     1.04     -787.28 
146      0.59     9.93     135.37   -454.32  -98.46   -352.81  0.00     0.00     0.00     -19.98   -0.00    0.00     0.93     -789.26 
147      0.57     10.35    126.31   -460.01  -98.84   -351.64  0.00     0.00     0.00     -17.27   -0.00    0.00     1.08     -800.36 
148      0.55     10.02    137.93   -456.36  -100.40  -352.17  0.00     0.00     0.00     -19.57   -0.00    0.00     1.09     -789.48 
149      0.71     10.02    144.63   -448.55  -98.80   -351.29  0.00     0.00     0.00     -20.72   -0.00    0.00     1.62     -773.10 
150      0.65     10.13    122.41   -450.09  -91.23   -349.89  0.00     0.00     0.00     -21.52   -0.00    0.00     1.22     -789.09 
151      0.55     10.68    120.19   -458.09  -89.18   -352.79  0.00     0.00     0.00     -19.81   0.00     0.00     1.08     -798.60 
152      0.64     10.16    123.34   -459.99  -98.12   -351.82  0.00     0.00     0.00     -19.48   -0.00    0.00     0.92     -805.16 
153      0.66     10.32    137.15   -456.43  -91.66   -351.75  0.00     0.00     0.00     -20.25   -0.00    0.00     0.90     -782.06 
154      0.58     10.44    148.03   -455.74  -93.47   -352.18  0.00     0.00     0.00     -20.36   -0.00    0.00     0.57     -773.14 
155      0.62     10.61    122.69   -459.49  -88.84   -352.86  0.00     0.00     0.00     -19.88   -0.00    0.00     1.51     -796.87 
156      0.69     10.17    122.69   -460.81  -86.82   -354.01  0.00     0.00     0.00     -20.47   -0.00    0.00     1.18     -798.23 
157      0.62     10.35    129.23   -448.60  -95.97   -353.88  0.00     0.00     0.00     -19.00   0.00     0.00     0.90     -787.33 
158      0.60     10.46    132.55   -447.59  -91.05   -355.33  0.00     0.00     0.00     -19.81   -0.00    0.00     0.82     -780.39 
159      0.67     10.51    126.66   -450.63  -90.82   -356.57  0.00     0.00     0.00     -20.85   -0.00    0.00     1.13     -791.08 
160      0.60     10.12    136.65   -459.37  -98.15   -354.22  0.00     0.00     0.00     -20.62   -0.00    0.00     1.00     -794.70 
161      0.65     10.38    147.13   -454.19  -93.36   -352.95  0.00     0.00     0.00     -19.16   0.00     0.00     1.08     -771.46 
162      0.65     10.42    131.35   -460.00  -86.46   -348.87  0.00     0.00     0.00     -19.74   0.00     0.00     1.07     -782.64 
163      0.62     10.51    135.85   -458.90  -92.18   -349.73  0.00     0.00     0.00     -20.78   0.00     0.00     1.23     -784.50 
164      0.68     10.39    117.12   -450.67  -93.73   -354.19  0.00     0.00     0.00     -18.71   0.00     0.00     1.30     -798.88 
165      0.70     10.16    135.92   -454.21  -93.56   -353.68  0.00     0.00     0.00     -21.90   0.00     0.00     1.04     -786.38 
166      0.63     10.60    133.06   -456.44  -84.90   -354.51  0.00     0.00     0.00     -19.93   0.00     0.00     1.14     -781.59 
167      0.77     10.22    126.14   -451.44  -93.86   -353.98  0.00     0.00     0.00     -21.55   0.00     0.00     0.79     -793.91 
168      0.60     10.28    120.13   -452.91  -97.86   -352.34  0.00     0.00     0.00     -19.37   -0.00    0.00     0.92     -801.43 
169      0.71     10.44    127.44   -459.95  -85.75   -352.74  0.00     0.00     0.00     -20.84   0.00     0.00     1.05     -790.79 
170      0.58     10.32    139.76   -462.17  -91.35   -348.83  0.00     0.00     0.00     -18.12   -0.00    0.00     0.77     -779.93 
171      0.65     10.33    117.25   -453.97  -89.12   -352.38  0.00     0.00     0.00     -20.19   0.00     0.00     0.60     -797.81 
172      0.62     10.07    120.41   -450.06  -96.07   -352.54  0.00     0.00     0.00     -19.71   -0.00    0.00     1.11     -796.86 
173      0.68     10.38    127.33   -452.35  -90.93   -355.17  0.00     0.00     0.00     -21.36   -0.00    0.00     0.76     -791.71 
174      0.65     10.16    128.12   -455.88  -96.56   -353.37  0.00     0.00     0.00     -20.39   -0.00    0.00     1.11     -796.98 
175      0.55     10.92    131.06   -446.66  -83.56   -347.73  0.00     0.00     0.00     -20.00   -0.00    0.00     0.90     -765.98 
176      0.58     10.15    121.73   -458.06  -95.64   -353.58  0.00     0.00     0.00     -20.53   -0.00    0.00     0.78     -805.30 
177      0.67     10.10    127.36   -462.24  -96.01   -351.84  0.00     0.00     0.00     -20.30   -0.00    0.00     0.85     -802.18 
178      0.65     10.33    139.08   -463.31  -90.57   -354.56  0.00     0.00     0.00     -20.99   -0.00    0.00     0.74     -789.63 
179      0.62     10.48    122.29   -460.01  -95.58   -348.88  0.00     0.00     0.00     -19.48   -0.00    0.00     0.70     -800.96 
180      0.65     10.30    123.25   -452.73  -98.37   -351.26  0.00     0.00     0.00     -21.95   -0.00    0.00     0.91     -800.15 
181      0.59     10.45    139.49   -454.95  -88.78   -346.60  0.00     0.00     0.00     -20.38   -0.00    0.00     1.27     -769.96 
182      0.65     10.23    123.93   -453.78  -95.64   -352.32  0.00     0.00     0.00     -20.09   -0.00    0.00     1.09     -796.82 
183      0.57     10.87    131.84   -457.34  -87.23   -350.74  0.00     0.00     0.00     -20.59   0.00     0.00     1.08     -782.98 
184      0.50     10.91    129.18   -459.55  -88.15   -349.69  0.00     0.00     0.00     -19.05   -0.00    0.00     1.41     -785.86 
185      0.65     10.19    116.58   -449.20  -95.71   -354.91  0.00     0.00     0.00     -21.09   -0.00    0.00     0.85     -803.48 
186      0.65     10.41    136.78   -459.65  -90.37   -349.95  0.00     0.00     0.00     -20.13   -0.00    0.00     0.95     -782.37 
187      0.59     10.87    127.90   -455.63  -83.31   -354.55  0.00     0.00     0.00     -22.38   -0.00    0.00     1.49     -786.48 
188      0.67     10.39    117.86   -459.52  -97.19   -352.08  0.00     0.00     0.00     -20.05   -0.00    0.00     1.04     -809.93 
189      0.63     10.30    134.60   -457.57  -91.81   -351.77  0.00     0.00     0.00     -18.88   -0.00    0.00     0.91     -784.53 
190      0.66     10.42    121.71   -451.44  -89.95   -352.10  0.00     0.00     0.00     -20.16   -0.00    0.00     1.02     -790.92 
191      0.62     10.03    135.39   -456.98  -97.48   -351.30  0.00     0.00     0.00     -20.43   -0.00    0.00     1.12     -789.69 
192      0.65     10.53    130.10   -457.87  -89.36   -354.50  0.00     0.00     0.00     -19.98   -0.00    0.00     1.10     -790.50 
193      0.65     10.38    130.96   -455.47  -92.32   -351.79  0.00     0.00     0.00     -20.64   -0.00    0.00     1.27     -787.99 
194      0.52     11.36    129.08   -454.58  -81.87   -351.09  0.00     0.00     0.00     -21.52   -0.00    0.00     1.47     -778.51 
195      0.56     10.34    133.37   -449.82  -90.73   -353.35  0.00     0.00     0.00     -18.74   -0.00    0.00     1.32     -777.94 
196      0.65     10.54    127.93   -461.30  -88.11   -353.34  0.00     0.00     0.00     -21.76   -0.00    0.00     0.90     -795.69 
197      0.66     10.54    145.07   -451.90  -83.47   -352.26  0.00     0.00     0.00     -22.45   -0.00    0.00     1.23     -763.77 
198      0.66     10.57    120.73   -459.98  -88.61   -350.78  0.00     0.00     0.00     -21.68   0.00     0.00     1.38     -798.94 
199      0.68     10.16    131.58   -455.85  -92.20   -353.64  0.00     0.00     0.00     -21.74   -0.00    0.00     1.03     -790.82 
200      0.63     10.24    134.59   -460.73  -92.34   -353.84  0.00     0.00     0.00     -22.12   -0.00    0.00     0.95     -793.49 
201      0.61     9.89     135.76   -453.31  -86.71   -351.60  0.00     0.00     0.00     -21.36   -0.00    0.00     0.72     -776.51 
202      0.49     10.86    128.55   -458.30  -89.01   -346.74  0.00     0.00     0.00     -18.70   -0.00    0.00     1.18     -783.01 
203      0.63     10.29    117.79   -460.22  -92.16   -350.55  0.00     0.00     0.00     -19.61   -0.00    0.00     0.83     -803.92 
204      0.69     10.41    135.16   -451.08  -87.88   -351.88  0.00     0.00     0.00     -21.18   0.00     0.00     0.99     -775.86 
205      0.66     10.57    129.52   -461.68  -86.52   -353.53  0.00     0.00     0.00     -19.35   -0.00    0.00     1.40     -790.15 
206      0.68     10.36    129.02   -449.23  -92.43   -352.73  0.00     0.00     0.00     -20.73   -0.00    0.00     1.22     -784.89 
207      0.65     10.41    133.83   -457.54  -94.67   -350.36  0.00     0.00     0.00     -20.03   0.00     0.00     1.07     -787.69 
208      0.65     9.97     121.30   -460.92  -100.79  -350.39  0.00     0.00     0.00     -20.31   -0.00    0.00     0.84     -810.28 
209      0.67     10.13    120.28   -454.50  -98.78   -346.76  0.00     0.00     0.00     -20.80   -0.00    0.00     0.67     -799.89 
210      0.61     10.26    131.33   -459.69  -93.62   -344.44  0.00     0.00     0.00     -20.51   -0.00    0.00     0.76     -786.18 
211      0.71     10.19    124.99   -457.94  -90.53   -354.18  0.00     0.00     0.00     -21.37   -0.00    0.00     0.90     -798.13 
212      0.56     10.16    132.23   -456.82  -96.29   -349.39  0.00     0.00     0.00     -20.05   -0.00    0.00     0.75     -789.57 
213      0.62     10.25    125.02   -453.40  -98.15   -351.63  0.00     0.00     0.00     -20.17   0.00     0.00     0.85     -797.48 
214      0.64     10.27    132.09   -453.06  -94.77   -351.03  0.00     0.00     0.00     -20.38   -0.00    0.00     0.68     -786.47 
215      0.62     10.25    124.58   -455.31  -94.41   -347.33  0.00     0.00     0.00     -18.03   -0.00    0.00     0.55     -789.94 
216      0.64     10.52    120.31   -453.47  -92.81   -353.03  0.00     0.00     0.00     -20.21   0.00     0.00     1.03     -798.18 
217      0.60     10.33    119.05   -450.32  -96.54   -353.47  0.00     0.00     0.00     -19.35   -0.00    0.00     1.04     -799.59 
218      0.67     10.35    136.89   -449.41  -93.91   -354.21  0.00     0.00     0.00     -20.20   -0.00    0.00     1.07     -779.77 
219      0.53     11.13    123.03   -457.19  -87.72   -349.77  0.00     0.00     0.00     -17.81   -0.00    0.00     1.34     -788.12 
220      0.54     10.70    123.02   -456.53  -84.51   -353.71  0.00     0.00     0.00     -20.19   -0.00    0.00     1.42     -790.51 
221      0.61     10.18    145.59   -459.57  -90.03   -351.64  0.00     0.00     0.00     -22.93   -0.00    0.00     0.54     -778.03 
222      0.70     10.13    136.95   -455.99  -93.17   -353.68  0.00     0.00     0.00     -22.62   -0.00    0.00     0.67     -787.83 
223      0.62     10.58    120.41   -453.50  -86.38   -353.13  0.00     0.00     0.00     -21.65   -0.00    0.00     0.96     -793.29 
224      0.62     10.62    134.04   -461.98  -79.12   -353.15  0.00     0.00     0.00     -21.11   0.00     0.00     0.97     -780.35 
225      0.70     10.30    143.80   -456.29  -88.43   -349.14  0.00     0.00     0.00     -20.19   -0.00    0.00     1.30     -768.96 
226      0.60     10.48    148.15   -450.78  -98.65   -350.05  0.00     0.00     0.00     -19.11   0.00     0.00     1.14     -769.29 
227      0.66     10.21    123.14   -459.67  -87.59   -355.20  0.00     0.00     0.00     -22.81   -0.00    0.00     1.29     -800.85 
228      0.67     10.35    139.79   -456.23  -95.63   -348.89  0.00     0.00     0.00     -20.25   -0.00    0.00     0.31     -780.89 
229      0.66     10.54    130.95   -455.18  -85.83   -354.69  0.00     0.00     0.00     -22.37   0.00     0.00     1.07     -786.04 
230      0.63     10.23    136.40   -453.41  -98.02   -348.56  0.00     0.00     0.00     -19.44   0.00     0.00     0.52     -782.52 
231      0.62     10.10    126.05   -457.28  -91.66   -352.92  0.00     0.00     0.00     -18.32   -0.00    0.00     0.62     -793.51 
232      0.70     10.12    138.87   -452.81  -96.20   -356.73  0.00     0.00     0.00     -19.31   -0.00    0.00     0.74     -785.44 
233      0.59     10.55    117.75   -456.45  -89.18   -353.72  0.00     0.00     0.00     -22.67   -0.00    0.00     0.90     -803.36 
234      0.65     10.24    139.32   -453.63  -96.50   -348.61  0.00     0.00     0.00     -21.03   -0.00    0.00     0.80     -779.64 
235      0.66     9.94     151.63   -461.93  -97.56   -350.05  0.00     0.00     0.00     -20.13   0.00     0.00     0.68     -777.35 
236      0.60     10.25    120.67   -457.70  -96.58   -351.34  0.00     0.00     0.00     -20.48   -0.00    0.00     1.30     -804.13 
237      0.62     10.74    129.88   -455.99  -87.80   -351.13  0.00     0.00     0.00     -19.19   0.00     0.00     1.55     -782.69 
238      0.69     10.54    115.12   -456.27  -87.20   -348.79  0.00     0.00     0.00     -22.58   0.00     0.00     1.07     -798.65 
239      0.68     9.93     132.75   -457.39  -98.08   -350.17  0.00     0.00     0.00     -23.40   -0.00    0.00     0.98     -795.30 
240      0.73     10.24    120.33   -455.55  -95.04   -352.44  0.00     0.00     0.00     -20.04   0.00     0.00     0.75     -801.99 
241      0.67     10.30    126.50   -456.22  -93.81   -355.67  0.00     0.00     0.00     -21.02   -0.00    0.00     1.35     -798.88 
242      0.61     10.26    126.33   -447.74  -93.13   -349.51  0.00     0.00     0.00     -21.59   -0.00    0.00     1.16     -784.48 
243      0.61     10.49    126.50   -460.72  -90.95   -350.81  0.00     0.00     0.00     -18.99   -0.00    0.00     1.35     -793.61 
244      0.68     10.41    128.98   -459.87  -95.49   -351.75  0.00     0.00     0.00     -18.54   -0.00    0.00     1.20     -795.48 
245      0.64     10.07    132.44   -458.46  -95.06   -354.42  0.00     0.00     0.00     -19.77   -0.00    0.00     0.97     -794.30 
246      0.62     10.57    135.40   -454.75  -86.31   -355.84  0.00     0.00     0.00     -21.89   -0.00    0.00     1.32     -782.07 
247      0.63     10.46    118.64   -453.57  -89.03   -353.88  0.00     0.00     0.00     -20.47   0.00     0.00     0.75     -797.56 
248      0.72     10.26    118.66   -460.68  -94.33   -351.51  0.00     0.00     0.00     -18.91   0.00     0.00     1.58     -805.19 
249      0.60     10.30    132.95   -457.36  -93.53   -350.74  0.00     0.00     0.00     -21.91   -0.00    0.00     0.90     -789.70 
250      0.71     10.28    111.80   -460.44  -93.60   -358.17  0.00     0.00     0.00     -20.60   0.00     0.00     1.43     -819.58 
251      0.64     10.52    125.41   -457.27  -88.02   -354.60  0.00     0.00     0.00     -20.34   -0.00    0.00     1.15     -793.66 
252      0.64     10.68    139.87   -452.65  -92.51   -354.29  0.00     0.00     0.00     -20.40   0.00     0.00     1.42     -778.57 
253      0.62     10.20    119.35   -454.57  -94.47   -352.37  0.00     0.00     0.00     -20.93   0.00     0.00     0.91     -802.07 
254      0.61     10.29    123.32   -448.66  -96.13   -352.70  0.00     0.00     0.00     -18.76   0.00     0.00     1.07     -791.86 
255      0.67     10.46    147.02   -456.96  -92.26   -352.77  0.00     0.00     0.00     -20.47   0.00     0.00     1.09     -774.34 
256      0.61     10.27    138.38   -453.04  -98.23   -351.63  0.00     0.00     0.00     -20.74   -0.00    0.00     1.45     -783.81 
257      0.62     10.69    124.82   -446.26  -87.71   -353.28  0.00     0.00     0.00     -20.13   -0.00    0.00     1.61     -780.95 
258      0.63     10.74    139.67   -457.74  -88.14   -347.89  0.00     0.00     0.00     -20.42   -0.00    0.00     1.93     -772.59 
259      0.60     10.25    131.61   -452.45  -90.39   -352.05  0.00     0.00     0.00     -19.11   -0.00    0.00     0.86     -781.54 
260      0.58     10.42    121.15   -458.78  -92.67   -352.31  0.00     0.00     0.00     -20.42   -0.00    0.00     1.09     -801.92 
261      0.66     10.12    132.81   -453.91  -88.58   -350.71  0.00     0.00     0.00     -21.97   -0.00    0.00     0.93     -781.43 
262      0.59     10.55    119.57   -452.26  -84.69   -353.85  0.00     0.00     0.00     -21.66   -0.00    0.00     1.06     -791.82 
263      0.63     10.32    146.51   -459.67  -86.09   -352.76  0.00     0.00     0.00     -19.59   -0.00    0.00     0.78     -770.82 
264      0.64     10.30    123.52   -459.83  -96.98   -349.53  0.00     0.00     0.00     -20.46   -0.00    0.00     1.06     -802.23 
265      0.71     10.42    128.80   -457.80  -96.31   -356.03  0.00     0.00     0.00     -20.16   -0.00    0.00     1.06     -800.43 
266      0.63     10.22    135.26   -455.08  -96.72   -352.87  0.00     0.00     0.00     -21.16   -0.00    0.00     0.96     -789.61 
267      0.63     10.23    120.17   -453.86  -88.50   -354.55  0.00     0.00     0.00     -20.76   -0.00    0.00     1.16     -796.35 
268      0.66     10.53    126.85   -459.09  -90.24   -350.90  0.00     0.00     0.00     -19.26   -0.00    0.00     1.14     -791.50 
269      0.66     10.24    144.50   -447.49  -90.13   -354.54  0.00     0.00     0.00     -23.00   -0.00    0.00     0.81     -769.85 
270      0.66     10.30    139.72   -454.06  -96.19   -350.85  0.00     0.00     0.00     -18.20   -0.00    0.00     0.97     -778.62 
271      0.59     10.61    125.91   -454.50  -89.04   -354.55  0.00     0.00     0.00     -21.81   0.00     0.00     1.25     -792.73 
272      0.67     10.02    121.57   -454.63  -98.86   -346.87  0.00     0.00     0.00     -21.32   -0.00    0.00     0.65     -799.46 
273      0.65     10.21    147.00   -452.66  -102.07  -348.07  0.00     0.00     0.00     -21.74   -0.00    0.00     0.82     -776.72 
274      0.69     10.03    135.72   -461.02  -93.61   -349.54  0.00     0.00     0.00     -20.26   -0.00    0.00     1.08     -787.64 
275      0.59     10.09    143.96   -458.42  -89.98   -350.12  0.00     0.00     0.00     -21.64   -0.00    0.00     0.70     -775.50 
276      0.59     10.35    121.04   -456.52  -95.91   -353.42  0.00     0.00     0.00     -19.67   -0.00    0.00     0.95     -803.54 
277      0.62     10.30    126.73   -451.04  -89.78   -349.91  0.00     0.00     0.00     -18.31   -0.00    0.00     1.30     -781.00 
278      0.55     10.34    119.97   -452.03  -87.34   -354.48  0.00     0.00     0.00     -20.23   -0.00    0.00     0.84     -793.28 
279      0.55     10.27    134.40   -456.15  -89.37   -354.94  0.00     0.00     0.00     -20.86   -0.00    0.00     1.22     -785.70 
280      0.63     10.41    132.84   -458.89  -98.90   -352.66  0.00     0.00     0.00     -18.09   0.00     0.00     0.94     -794.76 
281      0.69     10.15    123.33   -458.22  -95.53   -348.79  0.00     0.00     0.00     -21.06   -0.00    0.00     0.94     -799.32 
282      0.69     10.12    122.48   -449.76  -96.42   -356.14  0.00     0.00     0.00     -19.38   -0.00    0.00     0.73     -798.50 
283      0.62     10.29    115.21   -455.68  -89.86   -352.66  0.00     0.00     0.00     -19.95   -0.00    0.00     0.97     -801.98 
284      0.64     10.29    115.77   -459.65  -95.61   -351.31  0.00     0.00     0.00     -21.44   -0.00    0.00     0.91     -811.34 
285      0.57     10.33    110.79   -452.87  -96.34   -351.09  0.00     0.00     0.00     -21.38   -0.00    0.00     0.85     -810.03 
286      0.68     10.21    121.78   -456.69  -88.70   -355.90  0.00     0.00     0.00     -21.33   -0.00    0.00     1.31     -799.53 
287      0.69     10.41    120.78   -457.72  -90.28   -352.72  0.00     0.00     0.00     -19.63   -0.00    0.00     1.13     -798.45 
288      0.69     10.20    121.54   -448.89  -92.83   -350.30  0.00     0.00     0.00     -18.93   -0.00    0.00     1.26     -788.15 
289      0.72     10.00    130.44   -459.57  -97.55   -347.57  0.00     0.00     0.00     -19.28   -0.00    0.00     0.55     -792.97 
290      0.63     10.75    140.05   -461.53  -92.77   -349.51  0.00     0.00     0.00     -17.43   0.00     0.00     0.84     -780.34 
291      0.66     10.46    134.15   -455.48  -92.68   -348.35  0.00     0.00     0.00     -20.93   -0.00    0.00     0.77     -782.51 
292      0.68     10.22    140.61   -460.03  -93.84   -355.12  0.00     0.00     0.00     -20.59   -0.00    0.00     1.31     -787.66 
293      0.66     10.12    124.68   -457.47  -88.09   -351.97  0.00     0.00     0.00     -19.86   -0.00    0.00     1.02     -791.69 
294      0.68     10.27    132.88   -457.11  -86.87   -354.93  0.00     0.00     0.00     -20.83   -0.00    0.00     1.19     -785.68 
295      0.71     9.98     123.92   -458.70  -97.04   -350.15  0.00     0.00     0.00     -20.54   -0.00    0.00     0.55     -801.96 
296      0.62     10.27    123.68   -458.40  -92.66   -349.03  0.00     0.00     0.00     -19.61   -0.00    0.00     0.94     -795.08 
297      0.64     10.20    120.41   -452.97  -96.17   -351.08  0.00     0.00     0.00     -20.76   -0.00    0.00     1.07     -799.50 
298      0.65     9.98     138.69   -454.70  -93.31   -355.59  0.00     0.00     0.00     -21.25   0.00     0.00     0.78     -785.38 
299      0.72     10.41    144.88   -454.78  -95.63   -355.71  0.00     0.00     0.00     -20.78   0.00     0.00     1.36     -780.67 
300      0.62     10.94    115.54   -453.03  -91.32   -347.18  0.00     0.00     0.00     -18.88   -0.00    0.00     1.09     -793.79 
301      0.64     10.55    124.71   -456.86  -89.98   -348.63  0.00     0.00     0.00     -17.39   0.00     0.00     1.23     -786.92 
302      0.67     10.38    128.48   -456.20  -95.66   -349.99  0.00     0.00     0.00     -17.61   0.00     0.00     0.85     -790.14 
303      0.59     10.05    142.72   -453.27  -96.03   -349.03  0.00     0.00     0.00     -19.26   -0.00    0.00     0.64     -774.24 
304      0.66     10.09    131.23   -458.35  -93.02   -353.40  0.00     0.00     0.00     -20.68   0.00     0.00     0.84     -793.38 
305      0.73     10.26    111.03   -459.80  -95.92   -352.86  0.00     0.00     0.00     -20.78   -0.00    0.00     1.05     -817.29 
306      0.60     10.33    126.92   -459.08  -91.63   -351.16  0.00     0.00     0.00     -18.04   -0.00    0.00     1.06     -791.94 
307      0.61     10.65    128.85   -459.26  -89.14   -349.86  0.00     0.00     0.00     -18.33   -0.00    0.00     1.20     -786.54 
308      0.73     9.84     132.26   -461.02  -94.05   -352.54  0.00     0.00     0.00     -21.56   -0.00    0.00     0.39     -796.52 
309      0.66     10.15    133.71   -454.10  -93.54   -352.76  0.00     0.00     0.00     -19.67   0.00     0.00     0.77     -785.58 
310      0.69     10.25    128.73   -457.35  -95.23   -353.86  0.00     0.00     0.00     -21.19   -0.00    0.00     1.22     -797.68 
311      0.63     10.60    133.12   -454.90  -88.44   -355.87  0.00     0.00     0.00     -20.31   -0.00    0.00     1.27     -785.14 
312      0.68     10.13    122.05   -456.87  -92.80   -351.49  0.00     0.00     0.00     -20.28   -0.00    0.00     1.30     -798.08 
313      0.59     10.17    123.08   -456.62  -87.92   -345.48  0.00     0.00     0.00     -20.71   -0.00    0.00     0.67     -786.97 
314      0.64     10.28    120.50   -465.17  -90.74   -352.31  0.00     0.00     0.00     -22.67   -0.00    0.00     0.85     -809.54 
315      0.66     10.16    133.96   -456.62  -98.86   -351.56  0.00     0.00     0.00     -19.51   -0.00    0.00     0.80     -791.80 
316      0.60     10.22    151.28   -454.03  -93.78   -352.21  0.00     0.00     0.00     -22.49   -0.00    0.00     0.61     -770.62 
317      0.59     10.18    129.78   -460.56  -98.19   -351.12  0.00     0.00     0.00     -18.58   -0.00    0.00     0.66     -798.00 
318      0.59     10.23    127.12   -448.99  -98.09   -353.70  0.00     0.00     0.00     -21.31   -0.00    0.00     0.91     -794.06 
319      0.66     10.26    116.89   -444.16  -94.59   -351.58  0.00     0.00     0.00     -20.61   -0.00    0.00     1.37     -792.68 
320      0.65     10.38    131.70   -458.16  -92.04   -355.43  0.00     0.00     0.00     -21.09   -0.00    0.00     0.94     -794.09 
321      0.62     10.17    123.77   -457.69  -91.90   -351.55  0.00     0.00     0.00     -20.57   -0.00    0.00     0.81     -797.13 
322      0.63     10.67    139.58   -456.37  -90.67   -344.24  0.00     0.00     0.00     -19.85   -0.00    0.00     1.46     -770.09 
323      0.64     10.06    128.05   -456.05  -92.30   -354.23  0.00     0.00     0.00     -21.34   -0.00    0.00     1.18     -794.70 
324      0.60     10.18    145.92   -455.10  -91.99   -355.30  0.00     0.00     0.00     -20.18   -0.00    0.00     1.00     -775.64 
325      0.60     10.31    125.16   -458.33  -87.14   -347.15  0.00     0.00     0.00     -20.35   0.00     0.00     1.18     -786.63 
326      0.62     10.29    115.07   -453.85  -91.95   -350.38  0.00     0.00     0.00     -19.96   -0.00    0.00     1.02     -800.05 
327      0.70     10.35    119.64   -462.26  -91.85   -353.01  0.00     0.00     0.00     -19.32   -0.00    0.00     0.98     -805.82 
328      0.57     10.59    135.08   -453.07  -87.29   -355.99  0.00     0.00     0.00     -20.25   -0.00    0.00     0.85     -780.67 
329      0.66     10.43    133.07   -447.28  -87.87   -351.87  0.00     0.00     0.00     -20.32   -0.00    0.00     1.15     -773.12 
330      0.61     10.11    136.47   -453.36  -97.44   -351.32  0.00     0.00     0.00     -20.09   -0.00    0.00     0.77     -784.97 
331      0.63     10.15    130.42   -450.98  -90.71   -351.10  0.00     0.00     0.00     -21.12   -0.00    0.00     0.67     -782.83 
332      0.58     10.74    124.51   -457.87  -91.54   -349.57  0.00     0.00     0.00     -17.71   -0.00    0.00     0.74     -791.44 
333      0.57     10.43    135.30   -463.04  -97.80   -354.04  0.00     0.00     0.00     -20.41   -0.00    0.00     1.09     -798.91 
334      0.59     10.20    122.58   -454.79  -93.80   -349.30  0.00     0.00     0.00     -20.28   -0.00    0.00     0.39     -795.20 
335      0.60     10.76    136.88   -461.55  -91.00   -354.13  0.00     0.00     0.00     -19.81   0.00     0.00     1.04     -788.56 
336      0.63     10.33    137.22   -458.83  -91.33   -350.01  0.00     0.00     0.00     -19.21   0.00     0.00     1.43     -780.74 
337      0.70     10.43    123.58   -457.28  -95.97   -353.06  0.00     0.00     0.00     -18.86   0.00     0.00     1.15     -800.44 
338      0.70     10.53    129.93   -451.38  -85.98   -350.06  0.00     0.00     0.00     -20.27   0.00     0.00     1.08     -776.66 
339      0.62     10.44    131.59   -458.62  -95.01   -348.54  0.00     0.00     0.00     -20.10   0.00     0.00     0.90     -789.79 
340      0.69     10.40    132.39   -455.16  -89.88   -351.34  0.00     0.00     0.00     -19.62   0.00     0.00     1.15     -782.46 
341      0.61     10.73    117.24   -460.81  -87.06   -355.01  0.00     0.00     0.00     -20.76   0.00     0.00     1.86     -804.53 
342      0.69     10.43    122.35   -452.72  -93.64   -350.70  0.00     0.00     0.00     -20.31   -0.00    0.00     1.39     -793.64 
343      0.69     9.80     136.18   -455.34  -94.67   -347.38  0.00     0.00     0.00     -19.96   -0.00    0.00     0.72     -780.46 
344      0.66     10.29    127.66   -458.99  -91.47   -352.73  0.00     0.00     0.00     -21.23   -0.00    0.00     1.33     -795.43 
345      0.63     10.54    127.31   -460.66  -85.71   -354.19  0.00     0.00     0.00     -20.58   0.00     0.00     1.55     -792.27 
346      0.61     10.51    121.87   -454.48  -87.09   -354.50  0.00     0.00     0.00     -20.78   0.00     0.00     1.02     -793.97 
347      0.60     10.50    132.69   -453.68  -92.59   -350.00  0.00     0.00     0.00     -19.28   -0.00    0.00     1.24     -781.62 
348      0.65     10.28    135.05   -451.67  -90.87   -354.21  0.00     0.00     0.00     -21.89   -0.00    0.00     1.12     -782.46 
349      0.66     10.32    131.28   -445.39  -92.45   -354.00  0.00     0.00     0.00     -19.61   0.00     0.00     1.17     -778.99 
350      0.60     10.18    118.42   -454.65  -97.49   -354.54  0.00     0.00     0.00     -19.64   0.00     0.00     0.80     -807.10 
351      0.67     10.60    132.25   -456.91  -92.43   -354.11  0.00     0.00     0.00     -18.65   0.00     0.00     1.24     -788.63 
352      0.56     10.58    128.09   -463.73  -90.44   -350.26  0.00     0.00     0.00     -21.80   -0.00    0.00     1.52     -796.62 
353      0.60     9.97     137.32   -458.75  -92.74   -350.76  0.00     0.00     0.00     -19.29   0.00     0.00     1.34     -782.88 
354      0.62     10.09    129.43   -455.70  -93.42   -351.99  0.00     0.00     0.00     -20.80   0.00     0.00     0.95     -791.53 
355      0.61     10.39    128.76   -452.87  -92.90   -352.15  0.00     0.00     0.00     -18.61   -0.00    0.00     0.89     -786.88 
356      0.70     10.45    132.47   -453.08  -89.38   -351.93  0.00     0.00     0.00     -18.07   0.00     0.00     1.09     -778.90 
357      0.70     10.35    124.47   -441.71  -87.90   -350.45  0.00     0.00     0.00     -19.70   0.00     0.00     0.74     -774.56 
358      0.56     10.72    132.68   -460.60  -84.25   -356.10  0.00     0.00     0.00     -21.66   -0.00    0.00     1.22     -788.71 
359      0.64     10.53    120.13   -450.17  -92.34   -347.85  0.00     0.00     0.00     -18.43   -0.00    0.00     1.10     -787.56 
360      0.55     11.00    121.68   -460.49  -82.52   -352.57  0.00     0.00     0.00     -20.13   0.00     0.00     1.50     -792.54 
361      0.65     10.38    136.00   -455.86  -89.75   -351.07  0.00     0.00     0.00     -21.09   0.00     0.00     1.35     -780.43 
362      0.60     10.65    129.52   -456.14  -90.05   -353.67  0.00     0.00     0.00     -21.28   -0.00    0.00     0.99     -790.64 
363      0.64     10.08    135.50   -453.17  -92.39   -351.23  0.00     0.00     0.00     -19.59   -0.00    0.00     0.96     -779.92 
364      0.62     10.29    127.26   -458.35  -92.56   -350.57  0.00     0.00     0.00     -20.22   -0.00    0.00     1.58     -792.86 
365      0.61     10.71    130.00   -453.32  -86.69   -352.70  0.00     0.00     0.00     -20.73   -0.00    0.00     1.69     -781.76 
366      0.69     10.07    143.32   -457.93  -97.17   -350.97  0.00     0.00     0.00     -20.65   -0.00    0.00     1.32     -782.08 
367      0.61     10.52    118.11   -452.86  -90.18   -354.07  0.00     0.00     0.00     -19.93   0.00     0.00     1.15     -797.77 
368      0.65     10.44    134.42   -457.62  -88.75   -354.58  0.00     0.00     0.00     -20.61   -0.00    0.00     1.52     -785.62 
369      0.78     10.11    140.27   -458.60  -90.73   -352.53  0.00     0.00     0.00     -21.16   -0.00    0.00     1.00     -781.75 
370      0.63     10.37    135.17   -457.61  -94.22   -347.11  0.00     0.00     0.00     -19.44   0.00     0.00     0.92     -782.29 
371      0.66     10.55    138.92   -458.44  -87.44   -352.03  0.00     0.00     0.00     -18.77   0.00     0.00     1.63     -776.13 
372      0.67     10.24    126.00   -456.16  -94.14   -346.13  0.00     0.00     0.00     -18.25   0.00     0.00     0.76     -787.91 
373      0.66     10.27    130.78   -459.70  -87.00   -348.73  0.00     0.00     0.00     -20.27   -0.00    0.00     1.12     -783.79 
374      0.69     9.98     129.46   -456.65  -100.62  -352.32  0.00     0.00     0.00     -23.30   -0.00    0.00     1.02     -802.42 
375      0.62     10.35    158.97   -450.93  -94.54   -350.35  0.00     0.00     0.00     -21.25   -0.00    0.00     1.20     -756.91 
376      0.66     10.40    134.31   -457.57  -90.82   -350.42  0.00     0.00     0.00     -21.59   0.00     0.00     0.98     -785.10 
377      0.64     10.21    123.21   -451.70  -96.51   -351.04  0.00     0.00     0.00     -21.20   -0.00    0.00     1.47     -795.78 
378      0.65     10.56    137.17   -458.32  -87.25   -349.50  0.00     0.00     0.00     -18.91   -0.00    0.00     1.61     -775.19 
379      0.71     10.30    130.56   -453.38  -92.83   -351.41  0.00     0.00     0.00     -19.58   -0.00    0.00     1.57     -785.07 
380      0.68     10.65    127.77   -458.72  -88.33   -348.32  0.00     0.00     0.00     -20.19   0.00     0.00     1.57     -786.23 
381      0.67     10.27    144.79   -458.54  -95.36   -352.36  0.00     0.00     0.00     -21.92   -0.00    0.00     1.49     -781.89 
382      0.61     10.09    128.00   -458.05  -95.69   -352.65  0.00     0.00     0.00     -21.22   -0.00    0.00     1.26     -798.35 
383      0.64     10.34    142.05   -453.58  -94.93   -345.23  0.00     0.00     0.00     -19.30   -0.00    0.00     1.10     -769.90 
384      0.63     10.35    149.65   -449.87  -92.03   -353.10  0.00     0.00     0.00     -18.66   -0.00    0.00     1.07     -762.96 
385      0.66     10.33    133.95   -458.99  -90.95   -353.21  0.00     0.00     0.00     -19.25   -0.00    0.00     1.08     -787.38 
386      0.63     10.16    134.10   -452.79  -91.96   -349.75  0.00     0.00     0.00     -18.85   -0.00    0.00     0.56     -778.69 
387      0.63     10.72    127.52   -453.62  -87.99   -351.44  0.00     0.00     0.00     -18.60   -0.00    0.00     1.22     -782.91 
388      0.68     10.37    113.51   -456.82  -95.72   -353.73  0.00     0.00     0.00     -19.78   0.00     0.00     1.00     -811.54 
389      0.62     10.27    120.99   -458.22  -96.18   -351.55  0.00     0.00     0.00     -19.90   0.00     0.00     1.30     -803.56 
390      0.58     11.07    120.50   -458.18  -85.35   -355.03  0.00     0.00     0.00     -20.69   0.00     0.00     1.19     -797.57 
391      0.64     10.14    125.86   -460.42  -98.50   -354.55  0.00     0.00     0.00     -19.44   -0.00    0.00     1.01     -806.04 
392      0.56     10.22    127.42   -451.92  -93.64   -349.25  0.00     0.00     0.00     -19.04   -0.00    0.00     1.73     -784.70 
393      0.71     9.75     128.71   -454.95  -100.57  -349.28  0.00     0.00     0.00     -22.79   -0.00    0.00     0.60     -798.29 
394      0.55     10.60    140.95   -454.85  -89.38   -353.78  0.00     0.00     0.00     -20.48   0.00     0.00     0.98     -776.56 
395      0.58     10.36    126.94   -455.54  -89.95   -353.74  0.00     0.00     0.00     -22.38   -0.00    0.00     1.16     -793.52 
396      0.67     10.30    126.72   -453.28  -96.35   -354.50  0.00     0.00     0.00     -19.66   -0.00    0.00     1.27     -795.80 
397      0.68     10.52    126.11   -462.58  -89.61   -356.59  0.00     0.00     0.00     -20.63   -0.00    0.00     1.11     -802.20 
398      0.49     11.13    130.75   -454.39  -88.59   -348.15  0.00     0.00     0.00     -19.67   -0.00    0.00     1.57     -778.48 
399      0.65     10.04    136.21   -459.12  -92.15   -349.49  0.00     0.00     0.00     -20.91   -0.00    0.00     0.89     -784.57 
400      0.60     10.44    109.43   -458.45  -89.22   -350.80  0.00     0.00     0.00     -19.71   -0.00    0.00     0.99     -807.76 
401      0.65     10.27    147.15   -463.21  -91.33   -354.06  0.00     0.00     0.00     -20.96   -0.00    0.00     1.07     -781.34 
